   0.0000000e+00   4.1101358e-01
   0.0000000e+00   4.1900991e-01
   0.0000000e+00   4.4337312e-01
   0.0000000e+00   4.2633479e-01
   0.0000000e+00   4.5429589e-01
   0.0000000e+00   4.2638766e-01
   0.0000000e+00   6.4757227e-01
   0.0000000e+00   3.0948996e-01
   0.0000000e+00   4.3491207e-01
   0.0000000e+00   4.0174489e-01
   0.0000000e+00   4.0112080e-01
   0.0000000e+00   4.2338880e-01
   0.0000000e+00   3.9932243e-01
   0.0000000e+00   4.0608025e-01
   0.0000000e+00   4.0352612e-01
   0.0000000e+00   3.7214541e-01
   0.0000000e+00   3.9400947e-01
   0.0000000e+00   3.9499479e-01
   0.0000000e+00   4.2623667e-01
   0.0000000e+00   4.3706066e-01
   0.0000000e+00   4.3077723e-01
   0.0000000e+00   5.9920138e-01
   0.0000000e+00   3.9718183e-01
   0.0000000e+00   2.9421556e-01
   0.0000000e+00   3.6759719e-01
   0.0000000e+00   4.0569500e-01
   0.0000000e+00   3.9333347e-01
   0.0000000e+00   4.2232491e-01
   0.0000000e+00   4.3123137e-01
   0.0000000e+00   3.9679060e-01
   0.0000000e+00   4.1482720e-01
   0.0000000e+00   2.8245858e-01
   0.0000000e+00   3.2970762e-01
   0.0000000e+00   3.6816674e-01
   0.0000000e+00   3.8642451e-01
   0.0000000e+00   3.8501895e-01
   0.0000000e+00   4.1296980e-01
   0.0000000e+00   4.3017440e-01
   0.0000000e+00   4.0661230e-01
   0.0000000e+00   3.0062734e-01
   0.0000000e+00   3.3775800e-01
   0.0000000e+00   3.5675596e-01
   0.0000000e+00   3.8687640e-01
   0.0000000e+00   4.1324447e-01
   0.0000000e+00   3.9961356e-01
   0.0000000e+00   3.9706565e-01
   0.0000000e+00   3.8289606e-01
   0.0000000e+00   3.0810607e-01
   0.0000000e+00   3.1275947e-01
   0.0000000e+00   3.9839792e-01
   0.0000000e+00   4.0242729e-01
   0.0000000e+00   4.0987183e-01
   0.0000000e+00   4.0086980e-01
   0.0000000e+00   3.7841071e-01
   0.0000000e+00   3.7601002e-01
   0.0000000e+00   3.2389329e-01
   0.0000000e+00   3.4233426e-01
   0.0000000e+00   3.8555022e-01
   0.0000000e+00   3.9490276e-01
   0.0000000e+00   4.0460143e-01
   0.0000000e+00   3.9597460e-01
   0.0000000e+00   3.7669650e-01
   0.0000000e+00   3.8115687e-01
   0.0000000e+00   2.9728202e-01
   0.0000000e+00   5.6915918e-01
   0.0000000e+00   5.9428832e-01
   0.0000000e+00   5.5219730e-01
   0.0000000e+00   6.3009416e-01
   0.0000000e+00   6.1271379e-01
   0.0000000e+00   3.5799384e-01
   0.0000000e+00   2.6191302e-01
   0.0000000e+00   2.4877417e-01
   0.0000000e+00   5.8246118e-01
   0.0000000e+00   6.0860332e-01
   0.0000000e+00   5.8779839e-01
   0.0000000e+00   5.9673742e-01
   0.0000000e+00   5.2008278e-01
   0.0000000e+00   2.9482111e-01
   0.0000000e+00   2.4526465e-01
   0.0000000e+00   2.3129470e-01
   0.0000000e+00   5.6921447e-01
   0.0000000e+00   6.2059728e-01
   0.0000000e+00   5.6678539e-01
   0.0000000e+00   6.3646969e-01
   0.0000000e+00   5.7466621e-01
   0.0000000e+00   4.6280420e-01
   0.0000000e+00   3.1509561e-01
   0.0000000e+00   2.6384888e-01
   0.0000000e+00   5.7160013e-01
   0.0000000e+00   6.6147425e-01
   0.0000000e+00   5.6841094e-01
   0.0000000e+00   5.4497907e-01
   0.0000000e+00   5.2652556e-01
   0.0000000e+00   5.3748355e-01
   0.0000000e+00   3.5071563e-01
   0.0000000e+00   2.8385144e-01
   0.0000000e+00   7.4109198e-01
   0.0000000e+00   5.7904746e-01
   0.0000000e+00   5.6723055e-01
   0.0000000e+00   6.9972056e-01
   0.0000000e+00   5.7973467e-01
   0.0000000e+00   5.1382274e-01
   0.0000000e+00   3.7930990e-01
   0.0000000e+00   2.5799746e-01
   0.0000000e+00   6.0391161e-01
   0.0000000e+00   5.8626058e-01
   0.0000000e+00   6.2654338e-01
   0.0000000e+00   6.5184964e-01
   0.0000000e+00   5.6819853e-01
   0.0000000e+00   7.6486636e-01
   0.0000000e+00   3.2621607e-01
   0.0000000e+00   2.5376590e-01
   0.0000000e+00   4.6029919e-01
   0.0000000e+00   5.2148888e-01
   0.0000000e+00   5.6889346e-01
   0.0000000e+00   5.4703585e-01
   0.0000000e+00   4.6171469e-01
   0.0000000e+00   2.8795679e-01
   0.0000000e+00   2.3969504e-01
   0.0000000e+00   2.3452927e-01
   0.0000000e+00   6.4511162e-01
   0.0000000e+00   4.7813597e-01
   0.0000000e+00   4.2802345e-01
   0.0000000e+00   4.3449324e-01
   0.0000000e+00   2.7598470e-01
   0.0000000e+00   2.2028713e-01
   0.0000000e+00   2.1238567e-01
   0.0000000e+00   2.2739576e-01
   0.0000000e+00   4.5630380e-01
   0.0000000e+00   4.5728399e-01
   0.0000000e+00   4.4179529e-01
   0.0000000e+00   4.5434371e-01
   0.0000000e+00   3.7834493e-01
   0.0000000e+00   3.9543573e-01
   0.0000000e+00   4.1126987e-01
   0.0000000e+00   4.0173046e-01
   0.0000000e+00   3.9399452e-01
   0.0000000e+00   4.1500801e-01
   0.0000000e+00   4.1514530e-01
   0.0000000e+00   3.9294212e-01
   0.0000000e+00   4.0451788e-01
   0.0000000e+00   4.5108502e-01
   0.0000000e+00   4.3161599e-01
   0.0000000e+00   4.1496654e-01
   0.0000000e+00   5.3848685e-01
   0.0000000e+00   4.0553417e-01
   0.0000000e+00   4.5374806e-01
   0.0000000e+00   4.5520924e-01
   0.0000000e+00   3.8682744e-01
   0.0000000e+00   4.1811180e-01
   0.0000000e+00   3.8864724e-01
   0.0000000e+00   3.7977397e-01
   0.0000000e+00   5.5219160e-01
   0.0000000e+00   4.8225060e-01
   0.0000000e+00   4.1470721e-01
   0.0000000e+00   4.0104868e-01
   0.0000000e+00   3.9465631e-01
   0.0000000e+00   3.7822057e-01
   0.0000000e+00   3.9467256e-01
   0.0000000e+00   3.9546144e-01
   0.0000000e+00   4.7565045e-01
   0.0000000e+00   4.8777931e-01
   0.0000000e+00   4.5009394e-01
   0.0000000e+00   4.1777839e-01
   0.0000000e+00   5.4165990e-01
   0.0000000e+00   4.6746361e-01
   0.0000000e+00   4.3902199e-01
   0.0000000e+00   4.2315755e-01
   0.0000000e+00   3.7336902e-01
   0.0000000e+00   4.9600153e-01
   0.0000000e+00   6.9280112e-01
   0.0000000e+00   8.0072765e-01
   0.0000000e+00   4.2681750e-01
   0.0000000e+00   5.2752215e-01
   0.0000000e+00   4.8226423e-01
   0.0000000e+00   4.5610010e-01
   0.0000000e+00   4.1008455e-01
   0.0000000e+00   4.5352097e-01
   0.0000000e+00   4.5115923e-01
   0.0000000e+00   6.0343260e-01
   0.0000000e+00   4.2650535e-01
   0.0000000e+00   4.2438671e-01
   0.0000000e+00   4.0941001e-01
   0.0000000e+00   3.5881373e-01
   0.0000000e+00   3.5776956e-01
   0.0000000e+00   3.7855155e-01
   0.0000000e+00   3.8316788e-01
   0.0000000e+00   3.3735086e-01
   0.0000000e+00   3.3977932e-01
   0.0000000e+00   4.5159895e-01
   0.0000000e+00   2.6239067e-01
   0.0000000e+00   7.7025674e-01
   0.0000000e+00   5.0717561e-01
   0.0000000e+00   5.0786462e-01
   0.0000000e+00   4.4947131e-01
   0.0000000e+00   4.9643890e-01
   0.0000000e+00   4.4572843e-01
   0.0000000e+00   4.1747179e-01
   0.0000000e+00   5.3260563e-01
   0.0000000e+00   4.9539063e-01
   0.0000000e+00   5.1400148e-01
   0.0000000e+00   4.7315891e-01
   0.0000000e+00   4.8703649e-01
   0.0000000e+00   4.0741517e-01
   0.0000000e+00   6.1157413e-01
   0.0000000e+00   4.3308589e-01
   0.0000000e+00   4.3786522e-01
   0.0000000e+00   4.0813185e-01
   0.0000000e+00   4.9062316e-01
   0.0000000e+00   4.4393218e-01
   0.0000000e+00   4.3229790e-01
   0.0000000e+00   4.3500998e-01
   0.0000000e+00   4.2645327e-01
   0.0000000e+00   4.0152718e-01
   0.0000000e+00   4.5915130e-01
   0.0000000e+00   3.6998445e-01
   0.0000000e+00   4.4598710e-01
   0.0000000e+00   4.4490667e-01
   0.0000000e+00   4.0842736e-01
   0.0000000e+00   3.9449644e-01
   0.0000000e+00   4.1234144e-01
   0.0000000e+00   4.2587632e-01
   0.0000000e+00   6.7083752e-01
   0.0000000e+00   5.1584504e-01
   0.0000000e+00   4.4703811e-01
   0.0000000e+00   4.4694014e-01
   0.0000000e+00   4.4930078e-01
   0.0000000e+00   4.6200757e-01
   0.0000000e+00   4.4393064e-01
   0.0000000e+00   4.3728673e-01
   0.0000000e+00   4.5113371e-01
   0.0000000e+00   3.8432809e-01
   0.0000000e+00   5.2011301e-01
   0.0000000e+00   4.6574083e-01
   0.0000000e+00   5.0839675e-01
   0.0000000e+00   4.1688587e-01
   0.0000000e+00   3.9399571e-01
   0.0000000e+00   4.2411985e-01
   0.0000000e+00   3.8119236e-01
   0.0000000e+00   3.3435115e-01
   0.0000000e+00   4.5859503e-01
   0.0000000e+00   4.3572661e-01
   0.0000000e+00   4.0050206e-01
   0.0000000e+00   4.2113229e-01
   0.0000000e+00   4.1322140e-01
   0.0000000e+00   4.4816762e-01
   0.0000000e+00   5.0593710e-01
   0.0000000e+00   4.2387783e-01
   0.0000000e+00   5.0034556e-01
   0.0000000e+00   4.6550500e-01
   0.0000000e+00   4.8834764e-01
   0.0000000e+00   4.7237753e-01
   0.0000000e+00   4.9514795e-01
   0.0000000e+00   4.3280278e-01
   0.0000000e+00   4.4293183e-01
   0.0000000e+00   7.0581682e-01
   0.0000000e+00   5.0176797e-01
   0.0000000e+00   3.4000474e-01
   0.0000000e+00   3.8957523e-01
   0.0000000e+00   4.4738877e-01
   0.0000000e+00   4.0064945e-01
   0.0000000e+00   3.9415035e-01
   0.0000000e+00   3.9676527e-01
   0.0000000e+00   4.8705144e-01
   0.0000000e+00   4.2225817e-01
   0.0000000e+00   4.4597273e-01
   0.0000000e+00   3.9443503e-01
   0.0000000e+00   3.6868137e-01
   0.0000000e+00   3.5679564e-01
   0.0000000e+00   4.1824472e-01
   0.0000000e+00   3.6090310e-01
   0.0000000e+00   3.3278450e-01
   0.0000000e+00   3.6308243e-01
   0.0000000e+00   4.6205946e-01
   0.0000000e+00   3.5845923e-01
   0.0000000e+00   3.8475975e-01
   0.0000000e+00   3.5404799e-01
   0.0000000e+00   3.7867975e-01
   0.0000000e+00   4.6011562e-01
   0.0000000e+00   2.6798991e-01
   0.0000000e+00   3.2069337e-01
   0.0000000e+00   3.2376950e-01
   0.0000000e+00   3.4455627e-01
   0.0000000e+00   3.2305457e-01
   0.0000000e+00   6.1447735e-01
   0.0000000e+00   3.2741748e-01
   0.0000000e+00   4.6833510e-01
   0.0000000e+00   3.1705321e-01
   0.0000000e+00   4.0812348e-01
   0.0000000e+00   6.4514760e-01
   0.0000000e+00   3.6716024e-01
   0.0000000e+00   7.3762938e-01
   0.0000000e+00   5.6833560e-01
   0.0000000e+00   4.4266767e-01
   0.0000000e+00   2.7796437e-01
   0.0000000e+00   3.0312947e-01
   0.0000000e+00   3.2690683e-01
   0.0000000e+00   3.7769225e-01
   0.0000000e+00   3.5138561e-01
   0.0000000e+00   3.3525614e-01
   0.0000000e+00   3.5443759e-01
   0.0000000e+00   3.1113224e-01
   0.0000000e+00   2.8516500e-01
   0.0000000e+00   3.3548992e-01
   0.0000000e+00   3.1550176e-01
   0.0000000e+00   3.1216028e-01
   0.0000000e+00   3.4884832e-01
   0.0000000e+00   2.9999567e-01
   0.0000000e+00   3.2687618e-01
   0.0000000e+00   3.2809092e-01
   0.0000000e+00   2.8842877e-01
   0.0000000e+00   3.4472376e-01
   0.0000000e+00   3.0925969e-01
   0.0000000e+00   3.2182573e-01
   0.0000000e+00   3.2033573e-01
   0.0000000e+00   3.0439963e-01
   0.0000000e+00   2.9461777e-01
   0.0000000e+00   3.0606739e-01
   0.0000000e+00   2.9216630e-01
   0.0000000e+00   2.8304928e-01
   0.0000000e+00   3.3845594e-01
   0.0000000e+00   4.9505088e-01
   0.0000000e+00   2.1472052e-01
   0.0000000e+00   2.2471309e-01
   0.0000000e+00   4.8693971e-01
   0.0000000e+00   2.1430634e-01
   0.0000000e+00   2.6439971e-01
   0.0000000e+00   2.2768177e-01
   0.0000000e+00   5.6033857e-01
   0.0000000e+00   3.7733606e-01
   0.0000000e+00   2.3216571e-01
   0.0000000e+00   2.6584705e-01
   0.0000000e+00   2.5983299e-01
   0.0000000e+00   2.8267534e-01
   0.0000000e+00   2.5194077e-01
   0.0000000e+00   5.6646096e-01
   0.0000000e+00   5.8443624e-01
   0.0000000e+00   2.8967356e-01
   0.0000000e+00   4.3346242e-01
   0.0000000e+00   4.8279015e-01
   0.0000000e+00   5.7356148e-01
   0.0000000e+00   2.7093341e-01
   0.0000000e+00   2.8127597e-01
   0.0000000e+00   5.1903179e-01
   0.0000000e+00   4.1526386e-01
   0.0000000e+00   2.9249234e-01
   0.0000000e+00   2.5566431e-01
   0.0000000e+00   4.1240429e-01
   0.0000000e+00   4.2707215e-01
   0.0000000e+00   4.3823179e-01
   0.0000000e+00   6.8344787e-01
   0.0000000e+00   3.3618783e-01
   0.0000000e+00   3.0915291e-01
   0.0000000e+00   3.5347915e-01
   0.0000000e+00   3.0926204e-01
   0.0000000e+00   2.9480067e-01
   0.0000000e+00   2.8625754e-01
   0.0000000e+00   5.0207239e-01
   0.0000000e+00   2.9287419e-01
   0.0000000e+00   4.6543033e-01
   0.0000000e+00   5.8175600e-01
   0.0000000e+00   3.9508591e-01
   0.0000000e+00   3.6535176e-01
   0.0000000e+00   3.9485402e-01
   0.0000000e+00   4.5616067e-01
   0.0000000e+00   4.2746901e-01
   0.0000000e+00   3.4406913e-01
   0.0000000e+00   4.3377262e-01
   0.0000000e+00   2.6976235e-01
   0.0000000e+00   3.9593070e-01
   0.0000000e+00   2.7261212e-01
   0.0000000e+00   6.9891488e-01
   0.0000000e+00   6.6878016e-01
   0.0000000e+00   3.4281431e-01
   0.0000000e+00   2.5241229e-01
   0.0000000e+00   3.4631994e-01
   0.0000000e+00   5.6935811e-01
   0.0000000e+00   2.4951022e-01
   0.0000000e+00   2.3473202e-01
   0.0000000e+00   3.6370911e-01
   0.0000000e+00   2.8103160e-01
   0.0000000e+00   3.3546095e-01
   0.0000000e+00   2.6188099e-01
   0.0000000e+00   4.7672342e-01
   0.0000000e+00   8.4357355e-01
   0.0000000e+00   8.2810964e-01
   0.0000000e+00   8.2905588e-01
   0.0000000e+00   7.9849680e-01
   0.0000000e+00   7.9033315e-01
   0.0000000e+00   7.7660811e-01
   0.0000000e+00   7.5325155e-01
   0.0000000e+00   7.9273722e-01
   0.0000000e+00   7.6146982e-01
   0.0000000e+00   7.6492996e-01
   0.0000000e+00   7.5903449e-01
   0.0000000e+00   7.5594012e-01
   0.0000000e+00   7.5437000e-01
   0.0000000e+00   7.7307012e-01
   0.0000000e+00   7.5972217e-01
   0.0000000e+00   7.7122530e-01
   0.0000000e+00   5.4740658e-01
   0.0000000e+00   7.6553142e-01
   0.0000000e+00   7.6753092e-01
   0.0000000e+00   7.6904266e-01
   0.0000000e+00   7.4011596e-01
   0.0000000e+00   7.0683618e-01
   0.0000000e+00   6.4970472e-01
   0.0000000e+00   6.6305700e-01
   0.0000000e+00   7.6417057e-01
   0.0000000e+00   7.2444032e-01
   0.0000000e+00   7.7428119e-01
   0.0000000e+00   6.8685494e-01
   0.0000000e+00   7.2393294e-01
   0.0000000e+00   7.3361568e-01
   0.0000000e+00   7.2323447e-01
   0.0000000e+00   6.9586984e-01
   0.0000000e+00   8.1058812e-01
   0.0000000e+00   7.5589179e-01
   0.0000000e+00   7.5007111e-01
   0.0000000e+00   7.9353418e-01
   0.0000000e+00   7.9336008e-01
   0.0000000e+00   7.5416842e-01
   0.0000000e+00   7.7441883e-01
   0.0000000e+00   7.2839078e-01
   0.0000000e+00   6.7118305e-01
   0.0000000e+00   7.4260402e-01
   0.0000000e+00   7.5281038e-01
   0.0000000e+00   7.3701850e-01
   0.0000000e+00   7.7211640e-01
   0.0000000e+00   7.2776694e-01
   0.0000000e+00   6.3636563e-01
   0.0000000e+00   6.1635136e-01
   0.0000000e+00   7.6706144e-01
   0.0000000e+00   6.6488635e-01
   0.0000000e+00   7.8615677e-01
   0.0000000e+00   7.4215975e-01
   0.0000000e+00   6.5854631e-01
   0.0000000e+00   6.9881286e-01
   0.0000000e+00   7.2931104e-01
   0.0000000e+00   7.0369322e-01
   0.0000000e+00   7.4363999e-01
   0.0000000e+00   7.0541040e-01
   0.0000000e+00   7.2388164e-01
   0.0000000e+00   6.5358336e-01
   0.0000000e+00   6.8260815e-01
   0.0000000e+00   7.0860526e-01
   0.0000000e+00   7.0075004e-01
   0.0000000e+00   6.4731255e-01
   0.0000000e+00   7.1552439e-01
   0.0000000e+00   7.6605896e-01
   0.0000000e+00   7.2999825e-01
   0.0000000e+00   7.6138779e-01
   0.0000000e+00   7.6005137e-01
   0.0000000e+00   7.8744756e-01
   0.0000000e+00   7.7139967e-01
   0.0000000e+00   7.9069461e-01
   0.0000000e+00   7.6308508e-01
   0.0000000e+00   7.4358359e-01
   0.0000000e+00   7.6447949e-01
   0.0000000e+00   7.5207886e-01
   0.0000000e+00   7.6371427e-01
   0.0000000e+00   7.6368703e-01
   0.0000000e+00   7.5623841e-01
   0.0000000e+00   7.4222095e-01
   0.0000000e+00   7.2613902e-01
   0.0000000e+00   5.6281729e-01
   0.0000000e+00   7.5933465e-01
   0.0000000e+00   6.7368151e-01
   0.0000000e+00   7.3426754e-01
   0.0000000e+00   7.4919482e-01
   0.0000000e+00   7.1565817e-01
   0.0000000e+00   7.5160467e-01
   0.0000000e+00   7.2513362e-01
   0.0000000e+00   6.7617892e-01
   0.0000000e+00   6.9881555e-01
   0.0000000e+00   7.1613132e-01
   0.0000000e+00   7.1613212e-01
   0.0000000e+00   7.3160818e-01
   0.0000000e+00   6.8132517e-01
   0.0000000e+00   7.4726996e-01
   0.0000000e+00   7.3316691e-01
   0.0000000e+00   7.2118669e-01
   0.0000000e+00   7.3548127e-01
   0.0000000e+00   7.2846450e-01
   0.0000000e+00   7.2052460e-01
   0.0000000e+00   6.6564052e-01
   0.0000000e+00   7.3661430e-01
   0.0000000e+00   7.1891168e-01
   0.0000000e+00   6.5239811e-01
   0.0000000e+00   6.2369317e-01
   0.0000000e+00   6.7787425e-01
   0.0000000e+00   6.8496339e-01
   0.0000000e+00   6.8577633e-01
   0.0000000e+00   6.6027228e-01
   0.0000000e+00   7.1144523e-01
   0.0000000e+00   6.5118872e-01
   0.0000000e+00   6.2405190e-01
   0.0000000e+00   6.7084293e-01
   0.0000000e+00   6.7034671e-01
   0.0000000e+00   7.0624410e-01
   0.0000000e+00   7.2930053e-01
   0.0000000e+00   7.2311439e-01
   0.0000000e+00   7.7073375e-01
   0.0000000e+00   7.5672101e-01
   0.0000000e+00   6.6337549e-01
   0.0000000e+00   7.5063766e-01
   0.0000000e+00   7.4758090e-01
   0.0000000e+00   7.3204642e-01
   0.0000000e+00   7.6780697e-01
   0.0000000e+00   7.7428208e-01
   0.0000000e+00   7.4963539e-01
   0.0000000e+00   7.7729282e-01
   0.0000000e+00   6.1676174e-01
   0.0000000e+00   5.9956711e-01
   0.0000000e+00   6.3409633e-01
   0.0000000e+00   6.1799424e-01
   0.0000000e+00   6.3501443e-01
   0.0000000e+00   6.2870546e-01
   0.0000000e+00   6.2137409e-01
   0.0000000e+00   6.1989853e-01
   0.0000000e+00   6.1324575e-01
   0.0000000e+00   6.0492733e-01
   0.0000000e+00   6.2596516e-01
   0.0000000e+00   5.9813810e-01
   0.0000000e+00   6.2532037e-01
   0.0000000e+00   6.0114563e-01
   0.0000000e+00   5.9737748e-01
   0.0000000e+00   6.1513578e-01
   0.0000000e+00   5.9508833e-01
   0.0000000e+00   5.9194026e-01
   0.0000000e+00   5.9081785e-01
   0.0000000e+00   5.9829799e-01
   0.0000000e+00   5.9631266e-01
   0.0000000e+00   6.0349928e-01
   0.0000000e+00   6.0955053e-01
   0.0000000e+00   6.2332202e-01
   0.0000000e+00   6.2524354e-01
   0.0000000e+00   6.2042767e-01
   0.0000000e+00   6.2432041e-01
   0.0000000e+00   6.0715824e-01
   0.0000000e+00   6.0159677e-01
   0.0000000e+00   5.9030912e-01
   0.0000000e+00   6.1452216e-01
   0.0000000e+00   5.9885757e-01
   0.0000000e+00   6.5388860e-01
   0.0000000e+00   6.3755131e-01
   0.0000000e+00   6.5389257e-01
   0.0000000e+00   6.2916827e-01
   0.0000000e+00   6.2393896e-01
   0.0000000e+00   6.3331400e-01
   0.0000000e+00   6.4941153e-01
   0.0000000e+00   6.2802051e-01
   0.0000000e+00   6.3454575e-01
   0.0000000e+00   6.4068719e-01
   0.0000000e+00   6.1513063e-01
   0.0000000e+00   6.2127213e-01
   0.0000000e+00   6.0367429e-01
   0.0000000e+00   6.3672232e-01
   0.0000000e+00   6.1365104e-01
   0.0000000e+00   6.5577594e-01
   0.0000000e+00   6.0167604e-01
   0.0000000e+00   6.1686963e-01
   0.0000000e+00   6.4087546e-01
   0.0000000e+00   6.2946106e-01
   0.0000000e+00   6.3799711e-01
   0.0000000e+00   6.4168429e-01
   0.0000000e+00   6.3568785e-01
   0.0000000e+00   6.2794586e-01
   0.0000000e+00   6.2962569e-01
   0.0000000e+00   6.3863137e-01
   0.0000000e+00   6.5129936e-01
   0.0000000e+00   6.3365106e-01
   0.0000000e+00   6.2900738e-01
   0.0000000e+00   6.2259989e-01
   0.0000000e+00   6.2778128e-01
   0.0000000e+00   6.5544480e-01
   0.0000000e+00   6.3102456e-01
   0.0000000e+00   6.2398019e-01
   0.0000000e+00   6.1007028e-01
   0.0000000e+00   6.2321373e-01
   0.0000000e+00   6.3382019e-01
   0.0000000e+00   6.3039524e-01
   0.0000000e+00   6.1394462e-01
   0.0000000e+00   6.3942006e-01
   0.0000000e+00   6.3670891e-01
   0.0000000e+00   6.5413344e-01
   0.0000000e+00   6.4623705e-01
   0.0000000e+00   6.5006304e-01
   0.0000000e+00   6.3905874e-01
   0.0000000e+00   6.1866133e-01
   0.0000000e+00   6.2421509e-01
   0.0000000e+00   6.1608532e-01
   0.0000000e+00   6.1633005e-01
   0.0000000e+00   6.2244643e-01
   0.0000000e+00   6.1788407e-01
   0.0000000e+00   6.1606107e-01
   0.0000000e+00   6.2453279e-01
   0.0000000e+00   6.4548387e-01
   0.0000000e+00   6.0735245e-01
   0.0000000e+00   6.2816675e-01
   0.0000000e+00   6.3008029e-01
   0.0000000e+00   6.1641805e-01
   0.0000000e+00   6.2801647e-01
   0.0000000e+00   6.4064014e-01
   0.0000000e+00   6.3779079e-01
   0.0000000e+00   6.3883895e-01
   0.0000000e+00   6.2972782e-01
   0.0000000e+00   6.2652852e-01
   0.0000000e+00   6.1103573e-01
   0.0000000e+00   6.0821516e-01
   0.0000000e+00   6.0046773e-01
   0.0000000e+00   5.8917435e-01
   0.0000000e+00   5.9121465e-01
   0.0000000e+00   5.9339320e-01
   0.0000000e+00   5.8425281e-01
   0.0000000e+00   5.8949305e-01
   0.0000000e+00   5.8806897e-01
   0.0000000e+00   5.8609324e-01
   0.0000000e+00   6.1231789e-01
   0.0000000e+00   6.1227195e-01
   0.0000000e+00   6.2382083e-01
   0.0000000e+00   6.2319288e-01
   0.0000000e+00   6.1327824e-01
   0.0000000e+00   6.1410030e-01
   0.0000000e+00   6.1797675e-01
   0.0000000e+00   6.1618730e-01
   0.0000000e+00   6.9437209e-01
   0.0000000e+00   5.9095429e-01
   0.0000000e+00   6.0765103e-01
   0.0000000e+00   6.0312332e-01
   0.0000000e+00   5.9333153e-01
   0.0000000e+00   6.0263710e-01
   0.0000000e+00   5.9822719e-01
   0.0000000e+00   5.8855987e-01
   0.0000000e+00   6.0424011e-01
   0.0000000e+00   6.1001963e-01
   0.0000000e+00   5.8948469e-01
   0.0000000e+00   5.8809472e-01
   0.0000000e+00   5.9516768e-01
   0.0000000e+00   6.1351000e-01
   0.0000000e+00   7.0460485e-01
   0.0000000e+00   6.3534382e-01
   0.0000000e+00   6.2820685e-01
   0.0000000e+00   6.0660040e-01
   0.0000000e+00   6.7011334e-01
   0.0000000e+00   6.3173880e-01
   0.0000000e+00   4.1067708e-01
   0.0000000e+00   3.0600755e-01
   0.0000000e+00   5.8895323e-01
   0.0000000e+00   6.5593228e-01
   0.0000000e+00   6.6280260e-01
   0.0000000e+00   6.6953306e-01
   0.0000000e+00   6.9772279e-01
   0.0000000e+00   6.4217985e-01
   0.0000000e+00   6.8137815e-01
   0.0000000e+00   6.5924598e-01
   0.0000000e+00   5.4914613e-01
   0.0000000e+00   6.4522701e-01
   0.0000000e+00   6.5459747e-01
   0.0000000e+00   6.5902270e-01
   0.0000000e+00   6.7609807e-01
   0.0000000e+00   6.8487856e-01
   0.0000000e+00   6.6582117e-01
   0.0000000e+00   7.0249163e-01
   0.0000000e+00   6.6179471e-01
   0.0000000e+00   6.4903163e-01
   0.0000000e+00   6.3534845e-01
   0.0000000e+00   6.0473716e-01
   0.0000000e+00   5.3959139e-01
   0.0000000e+00   6.0236552e-01
   0.0000000e+00   4.4184884e-01
   0.0000000e+00   4.7768451e-01
   0.0000000e+00   5.3584517e-01
   0.0000000e+00   6.6429836e-01
   0.0000000e+00   6.9702461e-01
   0.0000000e+00   6.6458322e-01
   0.0000000e+00   6.3336515e-01
   0.0000000e+00   5.9512393e-01
   0.0000000e+00   6.3977317e-01
   0.0000000e+00   4.8048984e-01
   0.0000000e+00   6.0461910e-01
   0.0000000e+00   7.4296704e-01
   0.0000000e+00   5.2614662e-01
   0.0000000e+00   5.4777691e-01
   0.0000000e+00   7.1839967e-01
   0.0000000e+00   5.9310827e-01
   0.0000000e+00   6.0195501e-01
   0.0000000e+00   5.8726298e-01
   0.0000000e+00   5.0517173e-01
   0.0000000e+00   6.2190319e-01
   0.0000000e+00   5.9982920e-01
   0.0000000e+00   6.3572964e-01
   0.0000000e+00   5.8242393e-01
   0.0000000e+00   6.1488909e-01
   0.0000000e+00   6.2043374e-01
   0.0000000e+00   3.5825516e-01
   0.0000000e+00   5.6624982e-01
   0.0000000e+00   5.3053099e-01
   0.0000000e+00   5.5555857e-01
   0.0000000e+00   5.1083992e-01
   0.0000000e+00   5.7139707e-01
   0.0000000e+00   5.4759589e-01
   0.0000000e+00   5.6027062e-01
   0.0000000e+00   3.4155532e-01
   0.0000000e+00   6.5818678e-01
   0.0000000e+00   6.3464236e-01
   0.0000000e+00   6.7560173e-01
   0.0000000e+00   7.0016863e-01
   0.0000000e+00   6.4482152e-01
   0.0000000e+00   5.7082889e-01
   0.0000000e+00   5.4846751e-01
   0.0000000e+00   7.2531570e-01
   0.0000000e+00   5.6263252e-01
   0.0000000e+00   5.9670196e-01
   0.0000000e+00   6.2234348e-01
   0.0000000e+00   5.7351071e-01
   0.0000000e+00   5.9227635e-01
   0.0000000e+00   5.3368892e-01
   0.0000000e+00   6.5220295e-01
   0.0000000e+00   5.9532729e-01
   0.0000000e+00   5.6883332e-01
   0.0000000e+00   5.7154526e-01
   0.0000000e+00   5.4781494e-01
   0.0000000e+00   6.9023039e-01
   0.0000000e+00   7.3031742e-01
   0.0000000e+00   8.0455977e-01
   0.0000000e+00   6.5178506e-01
   0.0000000e+00   5.0848299e-01
   0.0000000e+00   5.1075871e-01
   0.0000000e+00   6.1905533e-01
   0.0000000e+00   6.1262848e-01
   0.0000000e+00   7.4863025e-01
   0.0000000e+00   6.2635444e-01
   0.0000000e+00   6.7661130e-01
   0.0000000e+00   5.4805790e-01
   0.0000000e+00   5.0074392e-01
   0.0000000e+00   5.4805432e-01
   0.0000000e+00   6.7159399e-01
   0.0000000e+00   7.9309623e-01
   0.0000000e+00   6.0986406e-01
   0.0000000e+00   5.7301573e-01
   0.0000000e+00   7.5358543e-01
   0.0000000e+00   5.3378960e-01
   0.0000000e+00   4.1248868e-01
   0.0000000e+00   5.1824833e-01
   0.0000000e+00   5.1666251e-01
   0.0000000e+00   5.0763251e-01
   0.0000000e+00   4.7612493e-01
   0.0000000e+00   6.1975790e-01
   0.0000000e+00   5.1827264e-01
   0.0000000e+00   4.2814529e-01
   0.0000000e+00   3.7631261e-01
   0.0000000e+00   5.4975306e-01
   0.0000000e+00   4.9106250e-01
   0.0000000e+00   4.7919411e-01
   0.0000000e+00   5.6728814e-01
   0.0000000e+00   4.3997480e-01
   0.0000000e+00   4.4870365e-01
   0.0000000e+00   4.1948270e-01
   0.0000000e+00   3.9497119e-01
   0.0000000e+00   4.8899291e-01
   0.0000000e+00   4.2181116e-01
   0.0000000e+00   4.5758983e-01
   0.0000000e+00   4.8011807e-01
   0.0000000e+00   6.9515437e-01
   0.0000000e+00   6.7745797e-01
   0.0000000e+00   3.9669518e-01
   0.0000000e+00   4.1895929e-01
   0.0000000e+00   2.9926563e-01
   0.0000000e+00   2.3906687e-01
   0.0000000e+00   2.7999349e-01
   0.0000000e+00   4.3158086e-01
   0.0000000e+00   4.3130959e-01
   0.0000000e+00   6.8034525e-01
   0.0000000e+00   5.4757684e-01
   0.0000000e+00   5.8536519e-01
   0.0000000e+00   2.5998849e-01
   0.0000000e+00   2.6371460e-01
   0.0000000e+00   4.4063073e-01
   0.0000000e+00   4.6986141e-01
   0.0000000e+00   4.9439569e-01
   0.0000000e+00   5.3888306e-01
   0.0000000e+00   6.4291688e-01
   0.0000000e+00   5.9784783e-01
   0.0000000e+00   2.6036536e-01
   0.0000000e+00   3.5797132e-01
   0.0000000e+00   4.9658410e-01
   0.0000000e+00   4.9164237e-01
   0.0000000e+00   4.8352883e-01
   0.0000000e+00   5.4414260e-01
   0.0000000e+00   5.5897498e-01
   0.0000000e+00   4.9872158e-01
   0.0000000e+00   2.3097721e-01
   0.0000000e+00   3.4953302e-01
   0.0000000e+00   3.8547138e-01
   0.0000000e+00   4.2405054e-01
   0.0000000e+00   4.1281275e-01
   0.0000000e+00   3.9827629e-01
   0.0000000e+00   4.9691803e-01
   0.0000000e+00   4.6855121e-01
   0.0000000e+00   2.9294977e-01
   0.0000000e+00   6.0799881e-01
   0.0000000e+00   5.9266649e-01
   0.0000000e+00   4.9577745e-01
   0.0000000e+00   5.4015623e-01
   0.0000000e+00   4.8822976e-01
   0.0000000e+00   4.8282946e-01
   0.0000000e+00   6.0929169e-01
   0.0000000e+00   2.5662703e-01
   0.0000000e+00   3.9402934e-01
   0.0000000e+00   4.3407560e-01
   0.0000000e+00   4.2488928e-01
   0.0000000e+00   4.0986976e-01
   0.0000000e+00   4.2716394e-01
   0.0000000e+00   4.4586691e-01
   0.0000000e+00   4.8393915e-01
   0.0000000e+00   2.4122384e-01
   0.0000000e+00   3.1063244e-01
   0.0000000e+00   4.8779677e-01
   0.0000000e+00   4.8299567e-01
   0.0000000e+00   5.0196659e-01
   0.0000000e+00   5.5526648e-01
   0.0000000e+00   5.0787878e-01
   0.0000000e+00   4.6640316e-01
   0.0000000e+00   3.2978592e-01
   0.0000000e+00   3.4443852e-01
   0.0000000e+00   4.0790184e-01
   0.0000000e+00   6.8454201e-01
   0.0000000e+00   5.4545005e-01
   0.0000000e+00   4.5539521e-01
   0.0000000e+00   4.4833727e-01
   0.0000000e+00   4.4942295e-01
   0.0000000e+00   5.0218186e-01
   0.0000000e+00   4.3210377e-01
   0.0000000e+00   4.4158508e-01
   0.0000000e+00   6.8103061e-01
   0.0000000e+00   4.8208120e-01
   0.0000000e+00   5.5175715e-01
   0.0000000e+00   4.2221605e-01
   0.0000000e+00   3.4439218e-01
   0.0000000e+00   4.6593646e-01
   0.0000000e+00   4.8140612e-01
   0.0000000e+00   4.7095228e-01
   0.0000000e+00   6.4554155e-01
   0.0000000e+00   4.4260241e-01
   0.0000000e+00   6.0829049e-01
   0.0000000e+00   3.5333264e-01
   0.0000000e+00   2.8150407e-01
   0.0000000e+00   3.8224369e-01
   0.0000000e+00   3.6348727e-01
   0.0000000e+00   3.3408682e-01
   0.0000000e+00   3.2604498e-01
   0.0000000e+00   4.9035415e-01
   0.0000000e+00   3.3887614e-01
   0.0000000e+00   3.1416750e-01
   0.0000000e+00   3.3043866e-01
   0.0000000e+00   4.2582459e-01
   0.0000000e+00   4.3797372e-01
   0.0000000e+00   4.1984123e-01
   0.0000000e+00   7.7013260e-01
   0.0000000e+00   8.0362804e-01
   0.0000000e+00   4.1058879e-01
   0.0000000e+00   3.7338936e-01
   0.0000000e+00   4.0757813e-01
   0.0000000e+00   3.5197388e-01
   0.0000000e+00   6.4880327e-01
   0.0000000e+00   3.9854032e-01
   0.0000000e+00   6.1505037e-01
   0.0000000e+00   5.2133912e-01
   0.0000000e+00   4.1325578e-01
   0.0000000e+00   4.2339459e-01
   0.0000000e+00   4.2503109e-01
   0.0000000e+00   4.6322059e-01
   0.0000000e+00   5.3926035e-01
   0.0000000e+00   4.2739075e-01
   0.0000000e+00   4.5438498e-01
   0.0000000e+00   4.4268132e-01
   0.0000000e+00   4.2518812e-01
   0.0000000e+00   4.3169722e-01
   0.0000000e+00   4.1913057e-01
   0.0000000e+00   4.4565791e-01
   0.0000000e+00   5.7871142e-01
   0.0000000e+00   4.6112998e-01
   0.0000000e+00   4.4985724e-01
   0.0000000e+00   4.5307861e-01
   0.0000000e+00   4.6668810e-01
   0.0000000e+00   5.6117157e-01
   0.0000000e+00   4.3409426e-01
   0.0000000e+00   3.9324052e-01
   0.0000000e+00   3.7452512e-01
   0.0000000e+00   3.5712829e-01
   0.0000000e+00   3.5055174e-01
   0.0000000e+00   3.2448603e-01
   0.0000000e+00   5.3061055e-01
   0.0000000e+00   3.5135441e-01
   0.0000000e+00   3.6751061e-01
   0.0000000e+00   5.9548062e-01
   0.0000000e+00   6.3570332e-01
   0.0000000e+00   4.3605589e-01
   0.0000000e+00   5.6210723e-01
   0.0000000e+00   6.1490764e-01
   0.0000000e+00   5.5872885e-01
   0.0000000e+00   5.5240002e-01
   0.0000000e+00   6.7052140e-01
   0.0000000e+00   6.3537646e-01
   0.0000000e+00   5.0202033e-01
   0.0000000e+00   6.4128110e-01
   0.0000000e+00   5.5575395e-01
   0.0000000e+00   5.6271903e-01
   0.0000000e+00   5.8402426e-01
   0.0000000e+00   4.3589655e-01
   0.0000000e+00   4.8250066e-01
   0.0000000e+00   5.4658463e-01
   0.0000000e+00   5.0728788e-01
   0.0000000e+00   5.5167598e-01
   0.0000000e+00   4.6729562e-01
   0.0000000e+00   4.9366011e-01
   0.0000000e+00   4.2522475e-01
   0.0000000e+00   3.9402046e-01
   0.0000000e+00   4.9422000e-01
   0.0000000e+00   5.1837398e-01
   0.0000000e+00   4.6365406e-01
   0.0000000e+00   5.3942703e-01
   0.0000000e+00   4.9794933e-01
   0.0000000e+00   4.8780802e-01
   0.0000000e+00   4.5049709e-01
   0.0000000e+00   4.0132158e-01
   0.0000000e+00   4.8209479e-01
   0.0000000e+00   6.1293236e-01
   0.0000000e+00   5.0800881e-01
   0.0000000e+00   4.6355783e-01
   0.0000000e+00   4.1616892e-01
   0.0000000e+00   4.6405354e-01
   0.0000000e+00   5.4056862e-01
   0.0000000e+00   4.4528236e-01
   0.0000000e+00   4.6490089e-01
   0.0000000e+00   4.2416508e-01
   0.0000000e+00   4.2914745e-01
   0.0000000e+00   4.5217169e-01
   0.0000000e+00   4.4815362e-01
   0.0000000e+00   4.6752003e-01
   0.0000000e+00   4.4726877e-01
   0.0000000e+00   4.1774372e-01
   0.0000000e+00   4.7663553e-01
   0.0000000e+00   5.0098938e-01
   0.0000000e+00   5.1088611e-01
   0.0000000e+00   5.1353075e-01
   0.0000000e+00   5.2919496e-01
   0.0000000e+00   5.7758451e-01
   0.0000000e+00   5.6062658e-01
   0.0000000e+00   4.1682571e-01
   0.0000000e+00   5.1178068e-01
   0.0000000e+00   5.4340720e-01
   0.0000000e+00   5.2406776e-01
   0.0000000e+00   4.1251617e-01
   0.0000000e+00   4.8370308e-01
   0.0000000e+00   5.2399153e-01
   0.0000000e+00   4.6682707e-01
   0.0000000e+00   4.4443968e-01
   0.0000000e+00   4.6689212e-01
   0.0000000e+00   3.1011830e-01
   0.0000000e+00   3.0370328e-01
   0.0000000e+00   3.4232745e-01
   0.0000000e+00   2.9743925e-01
   0.0000000e+00   2.9247952e-01
   0.0000000e+00   3.1340872e-01
   0.0000000e+00   5.4657762e-01
   0.0000000e+00   3.4786034e-01
   0.0000000e+00   3.0274424e-01
   0.0000000e+00   3.3099844e-01
   0.0000000e+00   3.1633392e-01
   0.0000000e+00   3.8303142e-01
   0.0000000e+00   3.4073867e-01
   0.0000000e+00   2.9407813e-01
   0.0000000e+00   3.1116145e-01
   0.0000000e+00   3.2758977e-01
   0.0000000e+00   3.0833087e-01
   0.0000000e+00   2.8983238e-01
   0.0000000e+00   3.0881769e-01
   0.0000000e+00   3.5017552e-01
   0.0000000e+00   3.1812006e-01
   0.0000000e+00   3.0490973e-01
   0.0000000e+00   3.1166489e-01
   0.0000000e+00   6.0158824e-01
   0.0000000e+00   3.2237303e-01
   0.0000000e+00   3.0277147e-01
   0.0000000e+00   3.0086448e-01
   0.0000000e+00   3.3335112e-01
   0.0000000e+00   2.9891920e-01
   0.0000000e+00   3.1339655e-01
   0.0000000e+00   2.6194767e-01
   0.0000000e+00   3.0296849e-01
   0.0000000e+00   2.7464801e-01
   0.0000000e+00   3.0482257e-01
   0.0000000e+00   2.8558563e-01
   0.0000000e+00   3.4813311e-01
   0.0000000e+00   3.2012721e-01
   0.0000000e+00   3.0087259e-01
   0.0000000e+00   3.0948322e-01
   0.0000000e+00   3.3445696e-01
   0.0000000e+00   3.7467314e-01
   0.0000000e+00   6.1053442e-01
   0.0000000e+00   5.0300662e-01
   0.0000000e+00   3.1134565e-01
   0.0000000e+00   3.0083101e-01
   0.0000000e+00   3.0191855e-01
   0.0000000e+00   2.9693080e-01
   0.0000000e+00   2.8117029e-01
   0.0000000e+00   2.9208557e-01
   0.0000000e+00   2.7552238e-01
   0.0000000e+00   2.6325444e-01
   0.0000000e+00   2.8008025e-01
   0.0000000e+00   2.9830048e-01
   0.0000000e+00   2.4038652e-01
   0.0000000e+00   2.5026692e-01
   0.0000000e+00   2.8981288e-01
   0.0000000e+00   2.9876526e-01
   0.0000000e+00   3.4282060e-01
   0.0000000e+00   2.6699319e-01
   0.0000000e+00   3.2727470e-01
   0.0000000e+00   3.3846135e-01
   0.0000000e+00   3.0226813e-01
   0.0000000e+00   2.9593530e-01
   0.0000000e+00   3.0623742e-01
   1.0000000e+00   4.1298143e-01
   1.0000000e+00   4.2954639e-01
   1.0000000e+00   4.1955655e-01
   1.0000000e+00   4.0112506e-01
   1.0000000e+00   4.1061215e-01
   1.0000000e+00   4.1046010e-01
   1.0000000e+00   3.9708585e-01
   1.0000000e+00   3.4200829e-01
   1.0000000e+00   3.7708324e-01
   1.0000000e+00   4.2335392e-01
   1.0000000e+00   4.2948126e-01
   1.0000000e+00   3.3454200e-01
   1.0000000e+00   3.8479803e-01
   1.0000000e+00   4.0023648e-01
   1.0000000e+00   4.0980538e-01
   1.0000000e+00   3.3883090e-01
   1.0000000e+00   3.4723997e-01
   1.0000000e+00   3.8431920e-01
   1.0000000e+00   4.1308065e-01
   1.0000000e+00   3.4708507e-01
   1.0000000e+00   3.4519603e-01
   1.0000000e+00   3.8816690e-01
   1.0000000e+00   3.9403500e-01
   1.0000000e+00   3.4047504e-01
   1.0000000e+00   3.4805148e-01
   1.0000000e+00   4.0397253e-01
   1.0000000e+00   3.8723677e-01
   1.0000000e+00   3.4627987e-01
   1.0000000e+00   3.5597329e-01
   1.0000000e+00   3.9866825e-01
   1.0000000e+00   3.8260164e-01
   1.0000000e+00   3.3119483e-01
   1.0000000e+00   5.7328397e-01
   1.0000000e+00   5.3478386e-01
   1.0000000e+00   4.2993202e-01
   1.0000000e+00   2.5243725e-01
   1.0000000e+00   5.7277591e-01
   1.0000000e+00   5.5560131e-01
   1.0000000e+00   3.7727089e-01
   1.0000000e+00   2.3581977e-01
   1.0000000e+00   5.4907687e-01
   1.0000000e+00   4.9507429e-01
   1.0000000e+00   4.7711179e-01
   1.0000000e+00   2.8029791e-01
   1.0000000e+00   5.5040485e-01
   1.0000000e+00   5.4963722e-01
   1.0000000e+00   4.6778503e-01
   1.0000000e+00   2.9945511e-01
   1.0000000e+00   5.7115624e-01
   1.0000000e+00   5.5510491e-01
   1.0000000e+00   5.0757023e-01
   1.0000000e+00   3.0370456e-01
   1.0000000e+00   5.6572393e-01
   1.0000000e+00   5.4753966e-01
   1.0000000e+00   5.2725969e-01
   1.0000000e+00   2.7548225e-01
   1.0000000e+00   4.6224479e-01
   1.0000000e+00   5.1322043e-01
   1.0000000e+00   3.6106212e-01
   1.0000000e+00   2.3411534e-01
   1.0000000e+00   4.8893431e-01
   1.0000000e+00   4.1373296e-01
   1.0000000e+00   2.4343946e-01
   1.0000000e+00   2.1594615e-01
   1.0000000e+00   4.4553036e-01
   1.0000000e+00   4.3826701e-01
   1.0000000e+00   3.8491138e-01
   1.0000000e+00   4.0001115e-01
   1.0000000e+00   3.7763334e-01
   1.0000000e+00   3.7938239e-01
   1.0000000e+00   4.2305000e-01
   1.0000000e+00   4.0556733e-01
   1.0000000e+00   4.0411901e-01
   1.0000000e+00   4.4701825e-01
   1.0000000e+00   3.9794467e-01
   1.0000000e+00   3.8198049e-01
   1.0000000e+00   4.4765849e-01
   1.0000000e+00   4.0244889e-01
   1.0000000e+00   3.8160936e-01
   1.0000000e+00   3.7578868e-01
   1.0000000e+00   4.3471122e-01
   1.0000000e+00   4.2603405e-01
   1.0000000e+00   4.5186198e-01
   1.0000000e+00   4.2546632e-01
   1.0000000e+00   3.9533196e-01
   1.0000000e+00   5.5937169e-01
   1.0000000e+00   4.3263243e-01
   1.0000000e+00   4.6182336e-01
   1.0000000e+00   4.1215363e-01
   1.0000000e+00   4.6776693e-01
   1.0000000e+00   4.2356668e-01
   1.0000000e+00   3.7072195e-01
   1.0000000e+00   3.5176917e-01
   1.0000000e+00   3.5129763e-01
   1.0000000e+00   3.3922157e-01
   1.0000000e+00   4.2128561e-01
   1.0000000e+00   4.9145531e-01
   1.0000000e+00   4.4701244e-01
   1.0000000e+00   4.2215410e-01
   1.0000000e+00   4.7230153e-01
   1.0000000e+00   4.9151307e-01
   1.0000000e+00   4.3694171e-01
   1.0000000e+00   4.6051208e-01
   1.0000000e+00   4.1828373e-01
   1.0000000e+00   4.5044909e-01
   1.0000000e+00   4.2254642e-01
   1.0000000e+00   4.1168341e-01
   1.0000000e+00   3.9112971e-01
   1.0000000e+00   4.3888187e-01
   1.0000000e+00   3.9739232e-01
   1.0000000e+00   4.1640349e-01
   1.0000000e+00   4.6594034e-01
   1.0000000e+00   4.4078196e-01
   1.0000000e+00   4.5085345e-01
   1.0000000e+00   4.3548249e-01
   1.0000000e+00   4.0115298e-01
   1.0000000e+00   4.8573553e-01
   1.0000000e+00   4.5257553e-01
   1.0000000e+00   3.9735301e-01
   1.0000000e+00   3.5046502e-01
   1.0000000e+00   4.3949236e-01
   1.0000000e+00   4.0032233e-01
   1.0000000e+00   4.0116641e-01
   1.0000000e+00   4.1874470e-01
   1.0000000e+00   4.7338297e-01
   1.0000000e+00   4.6524076e-01
   1.0000000e+00   4.5146086e-01
   1.0000000e+00   4.6032223e-01
   1.0000000e+00   3.9806017e-01
   1.0000000e+00   3.9444192e-01
   1.0000000e+00   3.8692820e-01
   1.0000000e+00   4.0517858e-01
   1.0000000e+00   4.0032708e-01
   1.0000000e+00   3.7150183e-01
   1.0000000e+00   3.6156394e-01
   1.0000000e+00   3.3038615e-01
   1.0000000e+00   3.7366199e-01
   1.0000000e+00   3.5933367e-01
   1.0000000e+00   3.4736039e-01
   1.0000000e+00   3.0366205e-01
   1.0000000e+00   3.1706101e-01
   1.0000000e+00   3.2111664e-01
   1.0000000e+00   4.0542730e-01
   1.0000000e+00   3.3646511e-01
   1.0000000e+00   4.6916835e-01
   1.0000000e+00   4.5298070e-01
   1.0000000e+00   3.9600234e-01
   1.0000000e+00   2.7450605e-01
   1.0000000e+00   3.2079455e-01
   1.0000000e+00   3.0942967e-01
   1.0000000e+00   3.2081679e-01
   1.0000000e+00   2.9834811e-01
   1.0000000e+00   2.9272481e-01
   1.0000000e+00   3.0896034e-01
   1.0000000e+00   3.2288189e-01
   1.0000000e+00   2.9484815e-01
   1.0000000e+00   2.9990763e-01
   1.0000000e+00   3.0731546e-01
   1.0000000e+00   2.9750746e-01
   1.0000000e+00   2.8002421e-01
   1.0000000e+00   2.9284726e-01
   1.0000000e+00   2.0628561e-01
   1.0000000e+00   2.6147392e-01
   1.0000000e+00   2.2992668e-01
   1.0000000e+00   3.3340782e-01
   1.0000000e+00   1.8472074e-01
   1.0000000e+00   2.2269235e-01
   1.0000000e+00   2.9205112e-01
   1.0000000e+00   3.1805594e-01
   1.0000000e+00   3.8589298e-01
   1.0000000e+00   3.1229031e-01
   1.0000000e+00   2.8513816e-01
   1.0000000e+00   2.5054576e-01
   1.0000000e+00   2.3758811e-01
   1.0000000e+00   3.5888482e-01
   1.0000000e+00   4.0277595e-01
   1.0000000e+00   2.9359817e-01
   1.0000000e+00   2.9708078e-01
   1.0000000e+00   3.2797831e-01
   1.0000000e+00   3.2784218e-01
   1.0000000e+00   3.9040094e-01
   1.0000000e+00   3.1683608e-01
   1.0000000e+00   3.4789869e-01
   1.0000000e+00   3.2984736e-01
   1.0000000e+00   2.8364780e-01
   1.0000000e+00   3.8951730e-01
   1.0000000e+00   4.2786789e-01
   1.0000000e+00   2.5896989e-01
   1.0000000e+00   3.5060081e-01
   1.0000000e+00   2.5861351e-01
   1.0000000e+00   2.5735036e-01
   1.0000000e+00   2.9991378e-01
   1.0000000e+00   8.3228600e-01
   1.0000000e+00   8.0889659e-01
   1.0000000e+00   7.7884882e-01
   1.0000000e+00   7.6966838e-01
   1.0000000e+00   7.6014935e-01
   1.0000000e+00   7.5622995e-01
   1.0000000e+00   7.5472865e-01
   1.0000000e+00   7.5880878e-01
   1.0000000e+00   5.3069132e-01
   1.0000000e+00   7.6423158e-01
   1.0000000e+00   7.1657297e-01
   1.0000000e+00   6.4774808e-01
   1.0000000e+00   7.4012566e-01
   1.0000000e+00   7.2318168e-01
   1.0000000e+00   7.2111512e-01
   1.0000000e+00   7.0262972e-01
   1.0000000e+00   7.7860578e-01
   1.0000000e+00   7.6139933e-01
   1.0000000e+00   6.2773729e-01
   1.0000000e+00   7.4210942e-01
   1.0000000e+00   6.9281501e-01
   1.0000000e+00   7.3922997e-01
   1.0000000e+00   7.4670874e-01
   1.0000000e+00   4.4926963e-01
   1.0000000e+00   5.3824730e-01
   1.0000000e+00   7.1168158e-01
   1.0000000e+00   6.7145464e-01
   1.0000000e+00   7.0870099e-01
   1.0000000e+00   7.1836513e-01
   1.0000000e+00   6.8610206e-01
   1.0000000e+00   5.6441585e-01
   1.0000000e+00   5.4419506e-01
   1.0000000e+00   7.3679760e-01
   1.0000000e+00   7.4091227e-01
   1.0000000e+00   7.6743764e-01
   1.0000000e+00   7.7235833e-01
   1.0000000e+00   7.4414084e-01
   1.0000000e+00   7.5137082e-01
   1.0000000e+00   7.5664180e-01
   1.0000000e+00   7.3966546e-01
   1.0000000e+00   6.2730707e-01
   1.0000000e+00   6.6739224e-01
   1.0000000e+00   7.3793190e-01
   1.0000000e+00   6.9913199e-01
   1.0000000e+00   6.9578605e-01
   1.0000000e+00   6.8660804e-01
   1.0000000e+00   7.1699928e-01
   1.0000000e+00   7.0278844e-01
   1.0000000e+00   7.1923641e-01
   1.0000000e+00   7.2835931e-01
   1.0000000e+00   6.7656523e-01
   1.0000000e+00   7.2329591e-01
   1.0000000e+00   6.3473664e-01
   1.0000000e+00   6.7650300e-01
   1.0000000e+00   6.6762200e-01
   1.0000000e+00   6.7656884e-01
   1.0000000e+00   6.1705894e-01
   1.0000000e+00   6.7925352e-01
   1.0000000e+00   7.2100827e-01
   1.0000000e+00   6.5705294e-01
   1.0000000e+00   5.8092528e-01
   1.0000000e+00   6.1520770e-01
   1.0000000e+00   7.0063903e-01
   1.0000000e+00   7.4551534e-01
   1.0000000e+00   6.0259418e-01
   1.0000000e+00   6.0085365e-01
   1.0000000e+00   6.3139206e-01
   1.0000000e+00   6.1987297e-01
   1.0000000e+00   6.0804658e-01
   1.0000000e+00   6.1073592e-01
   1.0000000e+00   6.0943225e-01
   1.0000000e+00   6.0526226e-01
   1.0000000e+00   5.9293654e-01
   1.0000000e+00   5.9354319e-01
   1.0000000e+00   5.9913230e-01
   1.0000000e+00   6.1119949e-01
   1.0000000e+00   6.2180429e-01
   1.0000000e+00   6.1044059e-01
   1.0000000e+00   5.9383632e-01
   1.0000000e+00   5.9501438e-01
   1.0000000e+00   6.3040200e-01
   1.0000000e+00   6.3932631e-01
   1.0000000e+00   6.2786657e-01
   1.0000000e+00   6.3704702e-01
   1.0000000e+00   6.2929329e-01
   1.0000000e+00   6.1673189e-01
   1.0000000e+00   6.1923143e-01
   1.0000000e+00   6.3052886e-01
   1.0000000e+00   6.0760152e-01
   1.0000000e+00   6.3382074e-01
   1.0000000e+00   6.3905937e-01
   1.0000000e+00   6.3073768e-01
   1.0000000e+00   6.3288717e-01
   1.0000000e+00   6.4062009e-01
   1.0000000e+00   6.2457727e-01
   1.0000000e+00   6.3999621e-01
   1.0000000e+00   6.2583320e-01
   1.0000000e+00   6.1214601e-01
   1.0000000e+00   6.2985895e-01
   1.0000000e+00   6.2535947e-01
   1.0000000e+00   6.4353100e-01
   1.0000000e+00   6.4667476e-01
   1.0000000e+00   6.2645228e-01
   1.0000000e+00   6.1827174e-01
   1.0000000e+00   6.1793896e-01
   1.0000000e+00   6.1667507e-01
   1.0000000e+00   6.3214274e-01
   1.0000000e+00   6.1499744e-01
   1.0000000e+00   6.2190107e-01
   1.0000000e+00   6.3372378e-01
   1.0000000e+00   6.3743425e-01
   1.0000000e+00   6.2749143e-01
   1.0000000e+00   6.0681162e-01
   1.0000000e+00   5.8954416e-01
   1.0000000e+00   5.9123066e-01
   1.0000000e+00   5.8532060e-01
   1.0000000e+00   5.8328842e-01
   1.0000000e+00   6.1070907e-01
   1.0000000e+00   6.2090150e-01
   1.0000000e+00   6.1068141e-01
   1.0000000e+00   6.1436785e-01
   1.0000000e+00   6.0031766e-01
   1.0000000e+00   6.0086664e-01
   1.0000000e+00   5.8802393e-01
   1.0000000e+00   5.9077321e-01
   1.0000000e+00   5.9737904e-01
   1.0000000e+00   5.8742437e-01
   1.0000000e+00   6.0334492e-01
   1.0000000e+00   6.6395656e-01
   1.0000000e+00   6.0298111e-01
   1.0000000e+00   6.4319177e-01
   1.0000000e+00   3.3754894e-01
   1.0000000e+00   6.0804382e-01
   1.0000000e+00   6.6405935e-01
   1.0000000e+00   6.5820829e-01
   1.0000000e+00   5.5245067e-01
   1.0000000e+00   5.8156123e-01
   1.0000000e+00   6.4902192e-01
   1.0000000e+00   6.6283999e-01
   1.0000000e+00   6.1956086e-01
   1.0000000e+00   6.4863334e-01
   1.0000000e+00   6.0728577e-01
   1.0000000e+00   5.5782083e-01
   1.0000000e+00   4.3355173e-01
   1.0000000e+00   5.8867067e-01
   1.0000000e+00   6.5140033e-01
   1.0000000e+00   6.0139744e-01
   1.0000000e+00   5.0260264e-01
   1.0000000e+00   5.6524215e-01
   1.0000000e+00   5.0972758e-01
   1.0000000e+00   5.3600942e-01
   1.0000000e+00   5.0856783e-01
   1.0000000e+00   5.3500404e-01
   1.0000000e+00   6.0526839e-01
   1.0000000e+00   5.8680796e-01
   1.0000000e+00   4.7614818e-01
   1.0000000e+00   5.1644378e-01
   1.0000000e+00   5.2812300e-01
   1.0000000e+00   5.5112808e-01
   1.0000000e+00   4.2472526e-01
   1.0000000e+00   5.6617410e-01
   1.0000000e+00   5.4718763e-01
   1.0000000e+00   5.8564500e-01
   1.0000000e+00   4.9158427e-01
   1.0000000e+00   5.4826292e-01
   1.0000000e+00   5.0554674e-01
   1.0000000e+00   5.3679915e-01
   1.0000000e+00   4.8344033e-01
   1.0000000e+00   5.5300730e-01
   1.0000000e+00   5.0701888e-01
   1.0000000e+00   5.7682681e-01
   1.0000000e+00   4.8826570e-01
   1.0000000e+00   4.5764016e-01
   1.0000000e+00   5.4682330e-01
   1.0000000e+00   6.3783908e-01
   1.0000000e+00   4.8797223e-01
   1.0000000e+00   5.8086086e-01
   1.0000000e+00   6.0555585e-01
   1.0000000e+00   5.2779629e-01
   1.0000000e+00   4.3923762e-01
   1.0000000e+00   4.9826729e-01
   1.0000000e+00   4.7685297e-01
   1.0000000e+00   5.6191846e-01
   1.0000000e+00   3.8572389e-01
   1.0000000e+00   5.0682763e-01
   1.0000000e+00   4.6065605e-01
   1.0000000e+00   4.2599488e-01
   1.0000000e+00   3.8018838e-01
   1.0000000e+00   4.4287223e-01
   1.0000000e+00   4.6163429e-01
   1.0000000e+00   5.3248187e-01
   1.0000000e+00   3.9405411e-01
   1.0000000e+00   2.4989408e-01
   1.0000000e+00   3.3350728e-01
   1.0000000e+00   4.4177539e-01
   1.0000000e+00   5.5880567e-01
   1.0000000e+00   2.5432377e-01
   1.0000000e+00   4.5183123e-01
   1.0000000e+00   4.9837701e-01
   1.0000000e+00   5.6606274e-01
   1.0000000e+00   3.0484224e-01
   1.0000000e+00   4.7359003e-01
   1.0000000e+00   5.1113351e-01
   1.0000000e+00   5.2353612e-01
   1.0000000e+00   2.7884034e-01
   1.0000000e+00   3.9932695e-01
   1.0000000e+00   4.0356443e-01
   1.0000000e+00   4.7420502e-01
   1.0000000e+00   3.8344838e-01
   1.0000000e+00   4.7332736e-01
   1.0000000e+00   5.0810468e-01
   1.0000000e+00   4.9267666e-01
   1.0000000e+00   3.1985854e-01
   1.0000000e+00   4.2540526e-01
   1.0000000e+00   4.1117095e-01
   1.0000000e+00   4.5274365e-01
   1.0000000e+00   2.6975196e-01
   1.0000000e+00   4.5195728e-01
   1.0000000e+00   4.8881277e-01
   1.0000000e+00   4.7686511e-01
   1.0000000e+00   3.2192436e-01
   1.0000000e+00   4.5356967e-01
   1.0000000e+00   4.5644114e-01
   1.0000000e+00   4.3755531e-01
   1.0000000e+00   4.6155175e-01
   1.0000000e+00   4.8746092e-01
   1.0000000e+00   5.0152802e-01
   1.0000000e+00   3.7784697e-01
   1.0000000e+00   4.6102942e-01
   1.0000000e+00   4.7964100e-01
   1.0000000e+00   4.4363091e-01
   1.0000000e+00   3.1322038e-01
   1.0000000e+00   3.6104004e-01
   1.0000000e+00   3.2587040e-01
   1.0000000e+00   3.7450132e-01
   1.0000000e+00   3.1882768e-01
   1.0000000e+00   4.1391263e-01
   1.0000000e+00   4.9358366e-01
   1.0000000e+00   5.2799262e-01
   1.0000000e+00   3.8151278e-01
   1.0000000e+00   4.1504105e-01
   1.0000000e+00   4.4047188e-01
   1.0000000e+00   4.2889948e-01
   1.0000000e+00   4.1630998e-01
   1.0000000e+00   4.5617962e-01
   1.0000000e+00   4.3726400e-01
   1.0000000e+00   4.1332476e-01
   1.0000000e+00   4.1387921e-01
   1.0000000e+00   4.6854375e-01
   1.0000000e+00   4.4933587e-01
   1.0000000e+00   4.4784641e-01
   1.0000000e+00   4.5844259e-01
   1.0000000e+00   3.8177223e-01
   1.0000000e+00   3.4858513e-01
   1.0000000e+00   3.7867482e-01
   1.0000000e+00   3.5033532e-01
   1.0000000e+00   5.9503904e-01
   1.0000000e+00   4.5695589e-01
   1.0000000e+00   5.6962464e-01
   1.0000000e+00   5.2270948e-01
   1.0000000e+00   5.0206905e-01
   1.0000000e+00   5.2362839e-01
   1.0000000e+00   5.6831599e-01
   1.0000000e+00   4.2576831e-01
   1.0000000e+00   5.0960504e-01
   1.0000000e+00   4.4185347e-01
   1.0000000e+00   4.4721223e-01
   1.0000000e+00   4.1123303e-01
   1.0000000e+00   4.8424789e-01
   1.0000000e+00   5.1295986e-01
   1.0000000e+00   4.6305331e-01
   1.0000000e+00   4.2388186e-01
   1.0000000e+00   5.2248375e-01
   1.0000000e+00   4.2752235e-01
   1.0000000e+00   4.7389568e-01
   1.0000000e+00   4.4929710e-01
   1.0000000e+00   4.2076620e-01
   1.0000000e+00   4.4010585e-01
   1.0000000e+00   4.5248140e-01
   1.0000000e+00   4.4319268e-01
   1.0000000e+00   4.8875866e-01
   1.0000000e+00   5.1359076e-01
   1.0000000e+00   5.0970612e-01
   1.0000000e+00   4.5534909e-01
   1.0000000e+00   5.2949142e-01
   1.0000000e+00   3.9979303e-01
   1.0000000e+00   4.8904650e-01
   1.0000000e+00   4.5289124e-01
   1.0000000e+00   3.0057535e-01
   1.0000000e+00   3.0058225e-01
   1.0000000e+00   2.9532230e-01
   1.0000000e+00   3.8342986e-01
   1.0000000e+00   3.0478913e-01
   1.0000000e+00   3.2229837e-01
   1.0000000e+00   2.8807226e-01
   1.0000000e+00   3.0411661e-01
   1.0000000e+00   2.8317249e-01
   1.0000000e+00   2.9895752e-01
   1.0000000e+00   2.9636242e-01
   1.0000000e+00   3.8217096e-01
   1.0000000e+00   3.0494852e-01
   1.0000000e+00   3.0007868e-01
   1.0000000e+00   2.9000528e-01
   1.0000000e+00   2.6800978e-01
   1.0000000e+00   2.8456338e-01
   1.0000000e+00   3.0579918e-01
   1.0000000e+00   3.0678552e-01
   1.0000000e+00   3.0709909e-01
   1.0000000e+00   4.0461627e-01
   1.0000000e+00   3.5354895e-01
   1.0000000e+00   2.9637419e-01
   1.0000000e+00   2.6774284e-01
   1.0000000e+00   2.7505979e-01
   1.0000000e+00   2.6682795e-01
   1.0000000e+00   2.6127278e-01
   1.0000000e+00   2.5890648e-01
   1.0000000e+00   2.8145142e-01
   1.0000000e+00   2.8417571e-01
   1.0000000e+00   3.0331525e-01
   1.0000000e+00   2.9607106e-01
   2.0000000e+00   4.1921339e-01
   2.0000000e+00   3.6119010e-01
   2.0000000e+00   4.0818449e-01
   2.0000000e+00   3.5313827e-01
   2.0000000e+00   3.9230685e-01
   2.0000000e+00   3.5424761e-01
   2.0000000e+00   3.8979797e-01
   2.0000000e+00   3.7089892e-01
   2.0000000e+00   3.6488219e-01
   2.0000000e+00   3.7591847e-01
   2.0000000e+00   3.6271886e-01
   2.0000000e+00   3.6499382e-01
   2.0000000e+00   3.7298017e-01
   2.0000000e+00   3.6494050e-01
   2.0000000e+00   3.7430912e-01
   2.0000000e+00   3.5428860e-01
   2.0000000e+00   5.3545881e-01
   2.0000000e+00   3.1115780e-01
   2.0000000e+00   5.4842557e-01
   2.0000000e+00   2.8997668e-01
   2.0000000e+00   4.6870655e-01
   2.0000000e+00   3.5827353e-01
   2.0000000e+00   5.3077077e-01
   2.0000000e+00   3.5826338e-01
   2.0000000e+00   5.1158132e-01
   2.0000000e+00   3.8593087e-01
   2.0000000e+00   5.2015814e-01
   2.0000000e+00   3.5880667e-01
   2.0000000e+00   4.6673094e-01
   2.0000000e+00   2.7831413e-01
   2.0000000e+00   4.2003206e-01
   2.0000000e+00   2.2366078e-01
   2.0000000e+00   4.3783611e-01
   2.0000000e+00   3.8764924e-01
   2.0000000e+00   3.6477552e-01
   2.0000000e+00   4.0981248e-01
   2.0000000e+00   3.9636038e-01
   2.0000000e+00   3.8676192e-01
   2.0000000e+00   4.0212605e-01
   2.0000000e+00   3.7092800e-01
   2.0000000e+00   4.1306036e-01
   2.0000000e+00   4.2088007e-01
   2.0000000e+00   3.9464472e-01
   2.0000000e+00   4.3237401e-01
   2.0000000e+00   4.1745424e-01
   2.0000000e+00   3.9103067e-01
   2.0000000e+00   3.3906287e-01
   2.0000000e+00   3.0946931e-01
   2.0000000e+00   4.5272332e-01
   2.0000000e+00   4.3477333e-01
   2.0000000e+00   4.6106120e-01
   2.0000000e+00   4.1537397e-01
   2.0000000e+00   4.3067267e-01
   2.0000000e+00   3.9168306e-01
   2.0000000e+00   4.1468224e-01
   2.0000000e+00   3.7846500e-01
   2.0000000e+00   4.4089957e-01
   2.0000000e+00   4.1365935e-01
   2.0000000e+00   4.6627808e-01
   2.0000000e+00   3.6835386e-01
   2.0000000e+00   4.1476638e-01
   2.0000000e+00   3.8540031e-01
   2.0000000e+00   4.6378106e-01
   2.0000000e+00   4.1059422e-01
   2.0000000e+00   3.8350791e-01
   2.0000000e+00   3.8254688e-01
   2.0000000e+00   3.7573330e-01
   2.0000000e+00   3.3547874e-01
   2.0000000e+00   3.5033599e-01
   2.0000000e+00   2.9246530e-01
   2.0000000e+00   3.1371916e-01
   2.0000000e+00   3.2002381e-01
   2.0000000e+00   3.9250439e-01
   2.0000000e+00   2.8673192e-01
   2.0000000e+00   2.9399858e-01
   2.0000000e+00   3.0269725e-01
   2.0000000e+00   2.8976313e-01
   2.0000000e+00   2.9963682e-01
   2.0000000e+00   2.9742421e-01
   2.0000000e+00   2.8473879e-01
   2.0000000e+00   1.9056159e-01
   2.0000000e+00   1.8590151e-01
   2.0000000e+00   1.7549399e-01
   2.0000000e+00   1.9379119e-01
   2.0000000e+00   3.0068081e-01
   2.0000000e+00   2.5309612e-01
   2.0000000e+00   1.9967144e-01
   2.0000000e+00   3.1379692e-01
   2.0000000e+00   2.8448518e-01
   2.0000000e+00   2.8781702e-01
   2.0000000e+00   2.9754911e-01
   2.0000000e+00   2.9071402e-01
   2.0000000e+00   2.8033793e-01
   2.0000000e+00   2.8952156e-01
   2.0000000e+00   2.6623235e-01
   2.0000000e+00   2.3619188e-01
   2.0000000e+00   8.1981800e-01
   2.0000000e+00   7.7209031e-01
   2.0000000e+00   7.5313012e-01
   2.0000000e+00   7.5481545e-01
   2.0000000e+00   6.0439956e-01
   2.0000000e+00   6.7669062e-01
   2.0000000e+00   7.2764481e-01
   2.0000000e+00   7.0885921e-01
   2.0000000e+00   7.6252333e-01
   2.0000000e+00   6.3734728e-01
   2.0000000e+00   7.1152860e-01
   2.0000000e+00   5.2282276e-01
   2.0000000e+00   5.8118834e-01
   2.0000000e+00   6.8573072e-01
   2.0000000e+00   6.9995288e-01
   2.0000000e+00   5.5115311e-01
   2.0000000e+00   7.3721123e-01
   2.0000000e+00   7.6673041e-01
   2.0000000e+00   7.4285958e-01
   2.0000000e+00   7.4371045e-01
   2.0000000e+00   6.3244301e-01
   2.0000000e+00   7.0602113e-01
   2.0000000e+00   6.8441243e-01
   2.0000000e+00   7.0631142e-01
   2.0000000e+00   7.1996966e-01
   2.0000000e+00   6.9604722e-01
   2.0000000e+00   6.5402324e-01
   2.0000000e+00   6.6907085e-01
   2.0000000e+00   6.3804969e-01
   2.0000000e+00   6.5271867e-01
   2.0000000e+00   5.2841464e-01
   2.0000000e+00   6.9798366e-01
   2.0000000e+00   5.9187715e-01
   2.0000000e+00   6.2472405e-01
   2.0000000e+00   6.0885370e-01
   2.0000000e+00   6.0647377e-01
   2.0000000e+00   5.9281490e-01
   2.0000000e+00   6.0453200e-01
   2.0000000e+00   6.1474555e-01
   2.0000000e+00   5.9089687e-01
   2.0000000e+00   6.3087652e-01
   2.0000000e+00   6.3162624e-01
   2.0000000e+00   6.2057939e-01
   2.0000000e+00   6.2416286e-01
   2.0000000e+00   6.2002343e-01
   2.0000000e+00   6.3366767e-01
   2.0000000e+00   6.3590489e-01
   2.0000000e+00   6.3100341e-01
   2.0000000e+00   6.1861493e-01
   2.0000000e+00   6.2637240e-01
   2.0000000e+00   6.4413068e-01
   2.0000000e+00   6.2178738e-01
   2.0000000e+00   6.1660833e-01
   2.0000000e+00   6.2248094e-01
   2.0000000e+00   6.2682498e-01
   2.0000000e+00   6.3191636e-01
   2.0000000e+00   5.9592461e-01
   2.0000000e+00   5.8739956e-01
   2.0000000e+00   5.9546045e-01
   2.0000000e+00   6.1430207e-01
   2.0000000e+00   5.9174572e-01
   2.0000000e+00   5.8937308e-01
   2.0000000e+00   5.8988565e-01
   2.0000000e+00   5.9390504e-01
   2.0000000e+00   6.2542997e-01
   2.0000000e+00   4.7146735e-01
   2.0000000e+00   6.2844338e-01
   2.0000000e+00   5.5954824e-01
   2.0000000e+00   6.0875995e-01
   2.0000000e+00   6.2209734e-01
   2.0000000e+00   6.2391543e-01
   2.0000000e+00   4.8519784e-01
   2.0000000e+00   6.0744805e-01
   2.0000000e+00   5.2739339e-01
   2.0000000e+00   5.0223547e-01
   2.0000000e+00   4.6110917e-01
   2.0000000e+00   5.6004430e-01
   2.0000000e+00   5.2701250e-01
   2.0000000e+00   5.1273232e-01
   2.0000000e+00   4.7628953e-01
   2.0000000e+00   4.8925242e-01
   2.0000000e+00   4.7900174e-01
   2.0000000e+00   4.8666329e-01
   2.0000000e+00   4.4408659e-01
   2.0000000e+00   4.8718335e-01
   2.0000000e+00   4.3704167e-01
   2.0000000e+00   4.2030892e-01
   2.0000000e+00   5.4048721e-01
   2.0000000e+00   5.2989030e-01
   2.0000000e+00   4.3644463e-01
   2.0000000e+00   4.7889710e-01
   2.0000000e+00   4.5746653e-01
   2.0000000e+00   4.6042307e-01
   2.0000000e+00   3.8791656e-01
   2.0000000e+00   4.4308619e-01
   2.0000000e+00   3.9140153e-01
   2.0000000e+00   2.7372051e-01
   2.0000000e+00   4.4295042e-01
   2.0000000e+00   3.3973785e-01
   2.0000000e+00   5.1289438e-01
   2.0000000e+00   3.7734828e-01
   2.0000000e+00   5.1504072e-01
   2.0000000e+00   3.3161031e-01
   2.0000000e+00   4.3500075e-01
   2.0000000e+00   3.7667587e-01
   2.0000000e+00   4.8368250e-01
   2.0000000e+00   3.6928064e-01
   2.0000000e+00   4.2653449e-01
   2.0000000e+00   3.4682630e-01
   2.0000000e+00   4.7075690e-01
   2.0000000e+00   3.5239655e-01
   2.0000000e+00   4.3033928e-01
   2.0000000e+00   4.3565864e-01
   2.0000000e+00   4.3322589e-01
   2.0000000e+00   4.3999568e-01
   2.0000000e+00   3.5433717e-01
   2.0000000e+00   3.3861109e-01
   2.0000000e+00   3.3059342e-01
   2.0000000e+00   4.0662018e-01
   2.0000000e+00   3.9203705e-01
   2.0000000e+00   3.7363879e-01
   2.0000000e+00   4.0533098e-01
   2.0000000e+00   4.3449515e-01
   2.0000000e+00   4.0416051e-01
   2.0000000e+00   4.4457689e-01
   2.0000000e+00   4.3627424e-01
   2.0000000e+00   3.6134030e-01
   2.0000000e+00   3.4395975e-01
   2.0000000e+00   5.0949567e-01
   2.0000000e+00   5.1663197e-01
   2.0000000e+00   4.6769602e-01
   2.0000000e+00   4.8538765e-01
   2.0000000e+00   4.4570504e-01
   2.0000000e+00   4.1769308e-01
   2.0000000e+00   4.9400606e-01
   2.0000000e+00   4.3485575e-01
   2.0000000e+00   4.6062580e-01
   2.0000000e+00   4.5132316e-01
   2.0000000e+00   4.2689668e-01
   2.0000000e+00   4.4508363e-01
   2.0000000e+00   4.9447744e-01
   2.0000000e+00   4.6390667e-01
   2.0000000e+00   4.4770544e-01
   2.0000000e+00   4.6713497e-01
   2.0000000e+00   2.9260067e-01
   2.0000000e+00   3.1419403e-01
   2.0000000e+00   3.0231707e-01
   2.0000000e+00   2.7227237e-01
   2.0000000e+00   2.7814095e-01
   2.0000000e+00   3.0295154e-01
   2.0000000e+00   2.9464783e-01
   2.0000000e+00   2.6933327e-01
   2.0000000e+00   2.9047380e-01
   2.0000000e+00   2.9749338e-01
   2.0000000e+00   3.2592359e-01
   2.0000000e+00   2.7171465e-01
   2.0000000e+00   2.6349781e-01
   2.0000000e+00   2.5072320e-01
   2.0000000e+00   2.6392644e-01
   2.0000000e+00   2.9176602e-01
   3.0000000e+00   3.7489000e-01
   3.0000000e+00   3.7534860e-01
   3.0000000e+00   3.6085065e-01
   3.0000000e+00   3.7865780e-01
   3.0000000e+00   3.6879963e-01
   3.0000000e+00   3.6232991e-01
   3.0000000e+00   3.6767242e-01
   3.0000000e+00   3.6289205e-01
   3.0000000e+00   3.9943167e-01
   3.0000000e+00   4.0313634e-01
   3.0000000e+00   3.9175435e-01
   3.0000000e+00   4.2688703e-01
   3.0000000e+00   4.2768843e-01
   3.0000000e+00   4.0423727e-01
   3.0000000e+00   3.5647850e-01
   3.0000000e+00   2.9236358e-01
   3.0000000e+00   4.1034705e-01
   3.0000000e+00   3.8101171e-01
   3.0000000e+00   3.8398478e-01
   3.0000000e+00   3.7821884e-01
   3.0000000e+00   4.0791751e-01
   3.0000000e+00   3.8050633e-01
   3.0000000e+00   3.9638605e-01
   3.0000000e+00   2.9420307e-01
   3.0000000e+00   4.3674691e-01
   3.0000000e+00   4.3026203e-01
   3.0000000e+00   4.0687634e-01
   3.0000000e+00   3.7878873e-01
   3.0000000e+00   4.2491790e-01
   3.0000000e+00   4.1411448e-01
   3.0000000e+00   3.9039111e-01
   3.0000000e+00   4.2326237e-01
   3.0000000e+00   3.7559246e-01
   3.0000000e+00   3.4938543e-01
   3.0000000e+00   3.0993145e-01
   3.0000000e+00   2.9564080e-01
   3.0000000e+00   3.0043901e-01
   3.0000000e+00   2.8964036e-01
   3.0000000e+00   2.8928855e-01
   3.0000000e+00   2.8826747e-01
   3.0000000e+00   1.6528247e-01
   3.0000000e+00   1.4841898e-01
   3.0000000e+00   2.4328784e-01
   3.0000000e+00   1.9784690e-01
   3.0000000e+00   2.7108318e-01
   3.0000000e+00   2.6081012e-01
   3.0000000e+00   2.5087221e-01
   3.0000000e+00   2.2534017e-01
   3.0000000e+00   7.9459763e-01
   3.0000000e+00   7.5288601e-01
   3.0000000e+00   6.3203727e-01
   3.0000000e+00   7.1686161e-01
   3.0000000e+00   6.8779700e-01
   3.0000000e+00   6.0424821e-01
   3.0000000e+00   6.0992154e-01
   3.0000000e+00   5.8671793e-01
   3.0000000e+00   7.5011141e-01
   3.0000000e+00   7.4030467e-01
   3.0000000e+00   6.6254895e-01
   3.0000000e+00   6.9306139e-01
   3.0000000e+00   7.0556888e-01
   3.0000000e+00   6.5989964e-01
   3.0000000e+00   6.3403845e-01
   3.0000000e+00   5.8439352e-01
   3.0000000e+00   6.0552672e-01
   3.0000000e+00   6.0725465e-01
   3.0000000e+00   5.9811598e-01
   3.0000000e+00   6.0116520e-01
   3.0000000e+00   6.3007091e-01
   3.0000000e+00   6.2155990e-01
   3.0000000e+00   6.2655673e-01
   3.0000000e+00   6.3299574e-01
   3.0000000e+00   6.2222943e-01
   3.0000000e+00   6.3252287e-01
   3.0000000e+00   6.1919356e-01
   3.0000000e+00   6.2817784e-01
   3.0000000e+00   5.9041362e-01
   3.0000000e+00   6.0413041e-01
   3.0000000e+00   5.8496883e-01
   3.0000000e+00   5.9025461e-01
   3.0000000e+00   5.4054995e-01
   3.0000000e+00   5.8176676e-01
   3.0000000e+00   6.0974445e-01
   3.0000000e+00   5.5016389e-01
   3.0000000e+00   5.5841435e-01
   3.0000000e+00   4.5351739e-01
   3.0000000e+00   5.3936404e-01
   3.0000000e+00   4.8861725e-01
   3.0000000e+00   4.5229807e-01
   3.0000000e+00   4.3770137e-01
   3.0000000e+00   4.1437467e-01
   3.0000000e+00   4.4245379e-01
   3.0000000e+00   4.4247937e-01
   3.0000000e+00   4.6003559e-01
   3.0000000e+00   4.0875681e-01
   3.0000000e+00   3.7734600e-01
   3.0000000e+00   3.3293941e-01
   3.0000000e+00   4.1755942e-01
   3.0000000e+00   4.4103254e-01
   3.0000000e+00   3.8031818e-01
   3.0000000e+00   4.0906538e-01
   3.0000000e+00   3.9474321e-01
   3.0000000e+00   3.9985671e-01
   3.0000000e+00   3.7426527e-01
   3.0000000e+00   4.2412210e-01
   3.0000000e+00   3.8073393e-01
   3.0000000e+00   3.2860283e-01
   3.0000000e+00   3.6839599e-01
   3.0000000e+00   3.6808670e-01
   3.0000000e+00   4.1314470e-01
   3.0000000e+00   4.3128743e-01
   3.0000000e+00   3.4497530e-01
   3.0000000e+00   5.0186931e-01
   3.0000000e+00   4.6043558e-01
   3.0000000e+00   4.2129506e-01
   3.0000000e+00   4.6184077e-01
   3.0000000e+00   4.4883000e-01
   3.0000000e+00   4.3351454e-01
   3.0000000e+00   4.7225651e-01
   3.0000000e+00   4.5339621e-01
   3.0000000e+00   2.9270487e-01
   3.0000000e+00   2.7594284e-01
   3.0000000e+00   2.7402659e-01
   3.0000000e+00   2.7456697e-01
   3.0000000e+00   2.8863396e-01
   3.0000000e+00   2.8017661e-01
   3.0000000e+00   2.5457640e-01
   3.0000000e+00   2.6981073e-01
   4.0000000e+00   3.7131398e-01
   4.0000000e+00   3.6694188e-01
   4.0000000e+00   3.6497418e-01
   4.0000000e+00   3.6481273e-01
   4.0000000e+00   3.9634445e-01
   4.0000000e+00   4.0145695e-01
   4.0000000e+00   4.0468716e-01
   4.0000000e+00   3.1899768e-01
   4.0000000e+00   3.9384635e-01
   4.0000000e+00   3.7740219e-01
   4.0000000e+00   3.8348747e-01
   4.0000000e+00   3.3549213e-01
   4.0000000e+00   4.2979194e-01
   4.0000000e+00   3.8792415e-01
   4.0000000e+00   4.1860540e-01
   4.0000000e+00   4.0236313e-01
   4.0000000e+00   3.5919141e-01
   4.0000000e+00   2.9475086e-01
   4.0000000e+00   2.8212972e-01
   4.0000000e+00   2.8660561e-01
   4.0000000e+00   1.3922833e-01
   4.0000000e+00   1.9357587e-01
   4.0000000e+00   2.5376189e-01
   4.0000000e+00   2.1783136e-01
   4.0000000e+00   7.7327931e-01
   4.0000000e+00   6.7163985e-01
   4.0000000e+00   6.4097018e-01
   4.0000000e+00   5.9506432e-01
   4.0000000e+00   7.4314511e-01
   4.0000000e+00   6.7509870e-01
   4.0000000e+00   6.8171341e-01
   4.0000000e+00   6.0041333e-01
   4.0000000e+00   6.0536171e-01
   4.0000000e+00   5.9925710e-01
   4.0000000e+00   6.2522062e-01
   4.0000000e+00   6.2957021e-01
   4.0000000e+00   6.2676245e-01
   4.0000000e+00   6.2340430e-01
   4.0000000e+00   5.9651849e-01
   4.0000000e+00   5.8586042e-01
   4.0000000e+00   5.5663148e-01
   4.0000000e+00   5.7708435e-01
   4.0000000e+00   4.9665645e-01
   4.0000000e+00   5.1159152e-01
   4.0000000e+00   4.3115161e-01
   4.0000000e+00   4.1178559e-01
   4.0000000e+00   4.4033588e-01
   4.0000000e+00   3.7118261e-01
   4.0000000e+00   3.6758474e-01
   4.0000000e+00   4.0850949e-01
   4.0000000e+00   3.9704324e-01
   4.0000000e+00   3.8095134e-01
   4.0000000e+00   3.9523143e-01
   4.0000000e+00   3.3869705e-01
   4.0000000e+00   3.8389862e-01
   4.0000000e+00   3.8247634e-01
   4.0000000e+00   4.7462249e-01
   4.0000000e+00   4.3846325e-01
   4.0000000e+00   4.3883898e-01
   4.0000000e+00   4.6028660e-01
   4.0000000e+00   2.7947801e-01
   4.0000000e+00   2.6986360e-01
   4.0000000e+00   2.7859768e-01
   4.0000000e+00   2.5528077e-01
   5.0000000e+00   3.6697218e-01
   5.0000000e+00   3.6442785e-01
   5.0000000e+00   3.9527867e-01
   5.0000000e+00   3.5632611e-01
   5.0000000e+00   3.8403888e-01
   5.0000000e+00   3.5428061e-01
   5.0000000e+00   4.0652161e-01
   5.0000000e+00   4.0880340e-01
   5.0000000e+00   3.2353895e-01
   5.0000000e+00   2.7908684e-01
   5.0000000e+00   1.4089254e-01
   5.0000000e+00   2.2494734e-01
   5.0000000e+00   7.2162449e-01
   5.0000000e+00   6.1460778e-01
   5.0000000e+00   7.0822999e-01
   5.0000000e+00   6.3778544e-01
   5.0000000e+00   6.0167470e-01
   5.0000000e+00   6.2714683e-01
   5.0000000e+00   6.2500432e-01
   5.0000000e+00   5.9073526e-01
   5.0000000e+00   5.6425284e-01
   5.0000000e+00   5.0127822e-01
   5.0000000e+00   4.1096978e-01
   5.0000000e+00   3.9647806e-01
   5.0000000e+00   3.8523020e-01
   5.0000000e+00   3.8505416e-01
   5.0000000e+00   3.6107823e-01
   5.0000000e+00   3.8054694e-01
   5.0000000e+00   4.5390502e-01
   5.0000000e+00   4.4797794e-01
   5.0000000e+00   2.7182882e-01
   5.0000000e+00   2.6215150e-01
   6.0000000e+00   3.6458390e-01
   6.0000000e+00   3.7298105e-01
   6.0000000e+00   3.6675203e-01
   6.0000000e+00   4.0632033e-01
   6.0000000e+00   2.9792780e-01
   6.0000000e+00   1.4495427e-01
   6.0000000e+00   6.6527836e-01
   6.0000000e+00   6.7179591e-01
   6.0000000e+00   6.1393266e-01
   6.0000000e+00   6.0744989e-01
   6.0000000e+00   5.3100943e-01
   6.0000000e+00   3.9818003e-01
   6.0000000e+00   3.8294170e-01
   6.0000000e+00   3.6748549e-01
   6.0000000e+00   4.4949306e-01
   6.0000000e+00   2.6448014e-01
   7.0000000e+00   3.5652307e-01
   7.0000000e+00   3.8448901e-01
   7.0000000e+00   2.0307779e-01
   7.0000000e+00   6.6653714e-01
   7.0000000e+00   6.1053329e-01
   7.0000000e+00   4.5940029e-01
   7.0000000e+00   3.6747242e-01
   7.0000000e+00   3.3255874e-01
   8.0000000e+00   2.7698295e-01
   8.0000000e+00   3.4928823e-01
   8.0000000e+00   3.8714895e-01
   8.0000000e+00   2.6314710e-01
   9.0000000e+00   2.3237606e-01
   9.0000000e+00   2.3589131e-01
   1.0000000e+01   1.7420950e-01
