   0.0000000e+00   4.1101358e-01
   0.0000000e+00   4.1900991e-01
   0.0000000e+00   4.4337312e-01
   0.0000000e+00   4.2633479e-01
   0.0000000e+00   4.5429589e-01
   0.0000000e+00   4.2638766e-01
   0.0000000e+00   6.4757227e-01
   0.0000000e+00   3.0948996e-01
   0.0000000e+00   4.3491207e-01
   0.0000000e+00   4.0174489e-01
   0.0000000e+00   4.0112080e-01
   0.0000000e+00   4.2338880e-01
   0.0000000e+00   3.9932243e-01
   0.0000000e+00   4.0608025e-01
   0.0000000e+00   4.0352612e-01
   0.0000000e+00   3.7214541e-01
   0.0000000e+00   3.9400947e-01
   0.0000000e+00   3.9499479e-01
   0.0000000e+00   4.2623667e-01
   0.0000000e+00   4.3706066e-01
   0.0000000e+00   4.3077723e-01
   0.0000000e+00   5.9920138e-01
   0.0000000e+00   3.9718183e-01
   0.0000000e+00   2.9421556e-01
   0.0000000e+00   3.6759719e-01
   0.0000000e+00   4.0569500e-01
   0.0000000e+00   3.9333347e-01
   0.0000000e+00   4.2232491e-01
   0.0000000e+00   4.3123137e-01
   0.0000000e+00   3.9679060e-01
   0.0000000e+00   4.1482720e-01
   0.0000000e+00   2.8245858e-01
   0.0000000e+00   3.2970762e-01
   0.0000000e+00   3.6816674e-01
   0.0000000e+00   3.8642451e-01
   0.0000000e+00   3.8501895e-01
   0.0000000e+00   4.1296980e-01
   0.0000000e+00   4.3017440e-01
   0.0000000e+00   4.0661230e-01
   0.0000000e+00   3.0062734e-01
   0.0000000e+00   3.3775800e-01
   0.0000000e+00   3.5675596e-01
   0.0000000e+00   3.8687640e-01
   0.0000000e+00   4.1324447e-01
   0.0000000e+00   3.9961356e-01
   0.0000000e+00   3.9706565e-01
   0.0000000e+00   3.8289606e-01
   0.0000000e+00   3.0810607e-01
   0.0000000e+00   3.1275947e-01
   0.0000000e+00   3.9839792e-01
   0.0000000e+00   4.0242729e-01
   0.0000000e+00   4.0987183e-01
   0.0000000e+00   4.0086980e-01
   0.0000000e+00   3.7841071e-01
   0.0000000e+00   3.7601002e-01
   0.0000000e+00   3.2389329e-01
   0.0000000e+00   3.4233426e-01
   0.0000000e+00   3.8555022e-01
   0.0000000e+00   3.9490276e-01
   0.0000000e+00   4.0460143e-01
   0.0000000e+00   3.9597460e-01
   0.0000000e+00   3.7669650e-01
   0.0000000e+00   3.8115687e-01
   0.0000000e+00   2.9728202e-01
   0.0000000e+00   5.6915918e-01
   0.0000000e+00   5.9428832e-01
   0.0000000e+00   5.5219730e-01
   0.0000000e+00   6.3009416e-01
   0.0000000e+00   6.1271379e-01
   0.0000000e+00   3.5799384e-01
   0.0000000e+00   2.6191302e-01
   0.0000000e+00   2.4877417e-01
   0.0000000e+00   5.8246118e-01
   0.0000000e+00   6.0860332e-01
   0.0000000e+00   5.8779839e-01
   0.0000000e+00   5.9673742e-01
   0.0000000e+00   5.2008278e-01
   0.0000000e+00   2.9482111e-01
   0.0000000e+00   2.4526465e-01
   0.0000000e+00   2.3129470e-01
   0.0000000e+00   5.6921447e-01
   0.0000000e+00   6.2059728e-01
   0.0000000e+00   5.6678539e-01
   0.0000000e+00   6.3646969e-01
   0.0000000e+00   5.7466621e-01
   0.0000000e+00   4.6280420e-01
   0.0000000e+00   3.1509561e-01
   0.0000000e+00   2.6384888e-01
   0.0000000e+00   5.7160013e-01
   0.0000000e+00   6.6147425e-01
   0.0000000e+00   5.6841094e-01
   0.0000000e+00   5.4497907e-01
   0.0000000e+00   5.2652556e-01
   0.0000000e+00   5.3748355e-01
   0.0000000e+00   3.5071563e-01
   0.0000000e+00   2.8385144e-01
   0.0000000e+00   7.4109198e-01
   0.0000000e+00   5.7904746e-01
   0.0000000e+00   5.6723055e-01
   0.0000000e+00   6.9972056e-01
   0.0000000e+00   5.7973467e-01
   0.0000000e+00   5.1382274e-01
   0.0000000e+00   3.7930990e-01
   0.0000000e+00   2.5799746e-01
   0.0000000e+00   6.0391161e-01
   0.0000000e+00   5.8626058e-01
   0.0000000e+00   6.2654338e-01
   0.0000000e+00   6.5184964e-01
   0.0000000e+00   5.6819853e-01
   0.0000000e+00   7.6486636e-01
   0.0000000e+00   3.2621607e-01
   0.0000000e+00   2.5376590e-01
   0.0000000e+00   4.6029919e-01
   0.0000000e+00   5.2148888e-01
   0.0000000e+00   5.6889346e-01
   0.0000000e+00   5.4703585e-01
   0.0000000e+00   4.6171469e-01
   0.0000000e+00   2.8795679e-01
   0.0000000e+00   2.3969504e-01
   0.0000000e+00   2.3452927e-01
   0.0000000e+00   6.4511162e-01
   0.0000000e+00   4.7813597e-01
   0.0000000e+00   4.2802345e-01
   0.0000000e+00   4.3449324e-01
   0.0000000e+00   2.7598470e-01
   0.0000000e+00   2.2028713e-01
   0.0000000e+00   2.1238567e-01
   0.0000000e+00   2.2739576e-01
   0.0000000e+00   4.5630380e-01
   0.0000000e+00   4.5728399e-01
   0.0000000e+00   4.4179529e-01
   0.0000000e+00   4.5434371e-01
   0.0000000e+00   3.7834493e-01
   0.0000000e+00   3.9543573e-01
   0.0000000e+00   4.1126987e-01
   0.0000000e+00   4.0173046e-01
   0.0000000e+00   3.9399452e-01
   0.0000000e+00   4.1500801e-01
   0.0000000e+00   4.1514530e-01
   0.0000000e+00   3.9294212e-01
   0.0000000e+00   4.0451788e-01
   0.0000000e+00   4.5108502e-01
   0.0000000e+00   4.3161599e-01
   0.0000000e+00   4.1496654e-01
   0.0000000e+00   5.3848685e-01
   0.0000000e+00   4.0553417e-01
   0.0000000e+00   4.5374806e-01
   0.0000000e+00   4.5520924e-01
   0.0000000e+00   3.8682744e-01
   0.0000000e+00   4.1811180e-01
   0.0000000e+00   3.8864724e-01
   0.0000000e+00   3.7977397e-01
   0.0000000e+00   5.5219160e-01
   0.0000000e+00   4.8225060e-01
   0.0000000e+00   4.1470721e-01
   0.0000000e+00   4.0104868e-01
   0.0000000e+00   3.9465631e-01
   0.0000000e+00   3.7822057e-01
   0.0000000e+00   3.9467256e-01
   0.0000000e+00   3.9546144e-01
   0.0000000e+00   4.7565045e-01
   0.0000000e+00   4.8777931e-01
   0.0000000e+00   4.5009394e-01
   0.0000000e+00   4.1777839e-01
   0.0000000e+00   5.4165990e-01
   0.0000000e+00   4.6746361e-01
   0.0000000e+00   4.3902199e-01
   0.0000000e+00   4.2315755e-01
   0.0000000e+00   3.7336902e-01
   0.0000000e+00   4.9600153e-01
   0.0000000e+00   6.9280112e-01
   0.0000000e+00   8.0072765e-01
   0.0000000e+00   4.2681750e-01
   0.0000000e+00   5.2752215e-01
   0.0000000e+00   4.8226423e-01
   0.0000000e+00   4.5610010e-01
   0.0000000e+00   4.1008455e-01
   0.0000000e+00   4.5352097e-01
   0.0000000e+00   4.5115923e-01
   0.0000000e+00   6.0343260e-01
   0.0000000e+00   4.2650535e-01
   0.0000000e+00   4.2438671e-01
   0.0000000e+00   4.0941001e-01
   0.0000000e+00   3.5881373e-01
   0.0000000e+00   3.5776956e-01
   0.0000000e+00   3.7855155e-01
   0.0000000e+00   3.8316788e-01
   0.0000000e+00   3.3735086e-01
   0.0000000e+00   3.3977932e-01
   0.0000000e+00   4.5159895e-01
   0.0000000e+00   2.6239067e-01
   0.0000000e+00   7.7025674e-01
   0.0000000e+00   5.0717561e-01
   0.0000000e+00   5.0786462e-01
   0.0000000e+00   4.4947131e-01
   0.0000000e+00   4.9643890e-01
   0.0000000e+00   4.4572843e-01
   0.0000000e+00   4.1747179e-01
   0.0000000e+00   5.3260563e-01
   0.0000000e+00   4.9539063e-01
   0.0000000e+00   5.1400148e-01
   0.0000000e+00   4.7315891e-01
   0.0000000e+00   4.8703649e-01
   0.0000000e+00   4.0741517e-01
   0.0000000e+00   6.1157413e-01
   0.0000000e+00   4.3308589e-01
   0.0000000e+00   4.3786522e-01
   0.0000000e+00   4.0813185e-01
   0.0000000e+00   4.9062316e-01
   0.0000000e+00   4.4393218e-01
   0.0000000e+00   4.3229790e-01
   0.0000000e+00   4.3500998e-01
   0.0000000e+00   4.2645327e-01
   0.0000000e+00   4.0152718e-01
   0.0000000e+00   4.5915130e-01
   0.0000000e+00   3.6998445e-01
   0.0000000e+00   4.4598710e-01
   0.0000000e+00   4.4490667e-01
   0.0000000e+00   4.0842736e-01
   0.0000000e+00   3.9449644e-01
   0.0000000e+00   4.1234144e-01
   0.0000000e+00   4.2587632e-01
   0.0000000e+00   6.7083752e-01
   0.0000000e+00   5.1584504e-01
   0.0000000e+00   4.4703811e-01
   0.0000000e+00   4.4694014e-01
   0.0000000e+00   4.4930078e-01
   0.0000000e+00   4.6200757e-01
   0.0000000e+00   4.4393064e-01
   0.0000000e+00   4.3728673e-01
   0.0000000e+00   4.5113371e-01
   0.0000000e+00   3.8432809e-01
   0.0000000e+00   5.2011301e-01
   0.0000000e+00   4.6574083e-01
   0.0000000e+00   5.0839675e-01
   0.0000000e+00   4.1688587e-01
   0.0000000e+00   3.9399571e-01
   0.0000000e+00   4.2411985e-01
   0.0000000e+00   3.8119236e-01
   0.0000000e+00   3.3435115e-01
   0.0000000e+00   4.5859503e-01
   0.0000000e+00   4.3572661e-01
   0.0000000e+00   4.0050206e-01
   0.0000000e+00   4.2113229e-01
   0.0000000e+00   4.1322140e-01
   0.0000000e+00   4.4816762e-01
   0.0000000e+00   5.0593710e-01
   0.0000000e+00   4.2387783e-01
   0.0000000e+00   5.0034556e-01
   0.0000000e+00   4.6550500e-01
   0.0000000e+00   4.8834764e-01
   0.0000000e+00   4.7237753e-01
   0.0000000e+00   4.9514795e-01
   0.0000000e+00   4.3280278e-01
   0.0000000e+00   4.4293183e-01
   0.0000000e+00   7.0581682e-01
   0.0000000e+00   5.0176797e-01
   0.0000000e+00   3.4000474e-01
   0.0000000e+00   3.8957523e-01
   0.0000000e+00   4.4738877e-01
   0.0000000e+00   4.0064945e-01
   0.0000000e+00   3.9415035e-01
   0.0000000e+00   3.9676527e-01
   0.0000000e+00   4.8705144e-01
   0.0000000e+00   4.2225817e-01
   0.0000000e+00   4.4597273e-01
   0.0000000e+00   3.9443503e-01
   0.0000000e+00   3.6868137e-01
   0.0000000e+00   3.5679564e-01
   0.0000000e+00   4.1824472e-01
   0.0000000e+00   3.6090310e-01
   0.0000000e+00   3.3278450e-01
   0.0000000e+00   3.6308243e-01
   0.0000000e+00   4.6205946e-01
   0.0000000e+00   3.5845923e-01
   0.0000000e+00   3.8475975e-01
   0.0000000e+00   3.5404799e-01
   0.0000000e+00   3.7867975e-01
   0.0000000e+00   4.6011562e-01
   0.0000000e+00   2.6798991e-01
   0.0000000e+00   3.2069337e-01
   0.0000000e+00   3.2376950e-01
   0.0000000e+00   3.4455627e-01
   0.0000000e+00   3.2305457e-01
   0.0000000e+00   6.1447735e-01
   0.0000000e+00   3.2741748e-01
   0.0000000e+00   4.6833510e-01
   0.0000000e+00   3.1705321e-01
   0.0000000e+00   4.0812348e-01
   0.0000000e+00   6.4514760e-01
   0.0000000e+00   3.6716024e-01
   0.0000000e+00   7.3762938e-01
   0.0000000e+00   5.6833560e-01
   0.0000000e+00   4.4266767e-01
   0.0000000e+00   2.7796437e-01
   0.0000000e+00   3.0312947e-01
   0.0000000e+00   3.2690683e-01
   0.0000000e+00   3.7769225e-01
   0.0000000e+00   3.5138561e-01
   0.0000000e+00   3.3525614e-01
   0.0000000e+00   3.5443759e-01
   0.0000000e+00   3.1113224e-01
   0.0000000e+00   2.8516500e-01
   0.0000000e+00   3.3548992e-01
   0.0000000e+00   3.1550176e-01
   0.0000000e+00   3.1216028e-01
   0.0000000e+00   3.4884832e-01
   0.0000000e+00   2.9999567e-01
   0.0000000e+00   3.2687618e-01
   0.0000000e+00   3.2809092e-01
   0.0000000e+00   2.8842877e-01
   0.0000000e+00   3.4472376e-01
   0.0000000e+00   3.0925969e-01
   0.0000000e+00   3.2182573e-01
   0.0000000e+00   3.2033573e-01
   0.0000000e+00   3.0439963e-01
   0.0000000e+00   2.9461777e-01
   0.0000000e+00   3.0606739e-01
   0.0000000e+00   2.9216630e-01
   0.0000000e+00   2.8304928e-01
   0.0000000e+00   3.3845594e-01
   0.0000000e+00   4.9505088e-01
   0.0000000e+00   2.1472052e-01
   0.0000000e+00   2.2471309e-01
   0.0000000e+00   4.8693971e-01
   0.0000000e+00   2.1430634e-01
   0.0000000e+00   2.6439971e-01
   0.0000000e+00   2.2768177e-01
   0.0000000e+00   5.6033857e-01
   0.0000000e+00   3.7733606e-01
   0.0000000e+00   2.3216571e-01
   0.0000000e+00   2.6584705e-01
   0.0000000e+00   2.5983299e-01
   0.0000000e+00   2.8267534e-01
   0.0000000e+00   2.5194077e-01
   0.0000000e+00   5.6646096e-01
   0.0000000e+00   5.8443624e-01
   0.0000000e+00   2.8967356e-01
   0.0000000e+00   4.3346242e-01
   0.0000000e+00   4.8279015e-01
   0.0000000e+00   5.7356148e-01
   0.0000000e+00   2.7093341e-01
   0.0000000e+00   2.8127597e-01
   0.0000000e+00   5.1903179e-01
   0.0000000e+00   4.1526386e-01
   0.0000000e+00   2.9249234e-01
   0.0000000e+00   2.5566431e-01
   0.0000000e+00   4.1240429e-01
   0.0000000e+00   4.2707215e-01
   0.0000000e+00   4.3823179e-01
   0.0000000e+00   6.8344787e-01
   0.0000000e+00   3.3618783e-01
   0.0000000e+00   3.0915291e-01
   0.0000000e+00   3.5347915e-01
   0.0000000e+00   3.0926204e-01
   0.0000000e+00   2.9480067e-01
   0.0000000e+00   2.8625754e-01
   0.0000000e+00   5.0207239e-01
   0.0000000e+00   2.9287419e-01
   0.0000000e+00   4.6543033e-01
   0.0000000e+00   5.8175600e-01
   0.0000000e+00   3.9508591e-01
   0.0000000e+00   3.6535176e-01
   0.0000000e+00   3.9485402e-01
   0.0000000e+00   4.5616067e-01
   0.0000000e+00   4.2746901e-01
   0.0000000e+00   3.4406913e-01
   0.0000000e+00   4.3377262e-01
   0.0000000e+00   2.6976235e-01
   0.0000000e+00   3.9593070e-01
   0.0000000e+00   2.7261212e-01
   0.0000000e+00   6.9891488e-01
   0.0000000e+00   6.6878016e-01
   0.0000000e+00   3.4281431e-01
   0.0000000e+00   2.5241229e-01
   0.0000000e+00   3.4631994e-01
   0.0000000e+00   5.6935811e-01
   0.0000000e+00   2.4951022e-01
   0.0000000e+00   2.3473202e-01
   0.0000000e+00   3.6370911e-01
   0.0000000e+00   2.8103160e-01
   0.0000000e+00   3.3546095e-01
   0.0000000e+00   2.6188099e-01
   0.0000000e+00   4.7672342e-01
   0.0000000e+00   8.4357355e-01
   0.0000000e+00   8.2810964e-01
   0.0000000e+00   8.2905588e-01
   0.0000000e+00   7.9849680e-01
   0.0000000e+00   7.9033315e-01
   0.0000000e+00   7.7660811e-01
   0.0000000e+00   7.5325155e-01
   0.0000000e+00   7.9273722e-01
   0.0000000e+00   7.6146982e-01
   0.0000000e+00   7.6492996e-01
   0.0000000e+00   7.5903449e-01
   0.0000000e+00   7.5594012e-01
   0.0000000e+00   7.5437000e-01
   0.0000000e+00   7.7307012e-01
   0.0000000e+00   7.5972217e-01
   0.0000000e+00   7.7122530e-01
   0.0000000e+00   5.4740658e-01
   0.0000000e+00   7.6553142e-01
   0.0000000e+00   7.6753092e-01
   0.0000000e+00   7.6904266e-01
   0.0000000e+00   7.4011596e-01
   0.0000000e+00   7.0683618e-01
   0.0000000e+00   6.4970472e-01
   0.0000000e+00   6.6305700e-01
   0.0000000e+00   7.6417057e-01
   0.0000000e+00   7.2444032e-01
   0.0000000e+00   7.7428119e-01
   0.0000000e+00   6.8685494e-01
   0.0000000e+00   7.2393294e-01
   0.0000000e+00   7.3361568e-01
   0.0000000e+00   7.2323447e-01
   0.0000000e+00   6.9586984e-01
   0.0000000e+00   8.1058812e-01
   0.0000000e+00   7.5589179e-01
   0.0000000e+00   7.5007111e-01
   0.0000000e+00   7.9353418e-01
   0.0000000e+00   7.9336008e-01
   0.0000000e+00   7.5416842e-01
   0.0000000e+00   7.7441883e-01
   0.0000000e+00   7.2839078e-01
   0.0000000e+00   6.7118305e-01
   0.0000000e+00   7.4260402e-01
   0.0000000e+00   7.5281038e-01
   0.0000000e+00   7.3701850e-01
   0.0000000e+00   7.7211640e-01
   0.0000000e+00   7.2776694e-01
   0.0000000e+00   6.3636563e-01
   0.0000000e+00   6.1635136e-01
   0.0000000e+00   7.6706144e-01
   0.0000000e+00   6.6488635e-01
   0.0000000e+00   7.8615677e-01
   0.0000000e+00   7.4215975e-01
   0.0000000e+00   6.5854631e-01
   0.0000000e+00   6.9881286e-01
   0.0000000e+00   7.2931104e-01
   0.0000000e+00   7.0369322e-01
   0.0000000e+00   7.4363999e-01
   0.0000000e+00   7.0541040e-01
   0.0000000e+00   7.2388164e-01
   0.0000000e+00   6.5358336e-01
   0.0000000e+00   6.8260815e-01
   0.0000000e+00   7.0860526e-01
   0.0000000e+00   7.0075004e-01
   0.0000000e+00   6.4731255e-01
   0.0000000e+00   7.1552439e-01
   0.0000000e+00   7.6605896e-01
   0.0000000e+00   7.2999825e-01
   0.0000000e+00   7.6138779e-01
   0.0000000e+00   7.6005137e-01
   0.0000000e+00   7.8744756e-01
   0.0000000e+00   7.7139967e-01
   0.0000000e+00   7.9069461e-01
   0.0000000e+00   7.6308508e-01
   0.0000000e+00   7.4358359e-01
   0.0000000e+00   7.6447949e-01
   0.0000000e+00   7.5207886e-01
   0.0000000e+00   7.6371427e-01
   0.0000000e+00   7.6368703e-01
   0.0000000e+00   7.5623841e-01
   0.0000000e+00   7.4222095e-01
   0.0000000e+00   7.2613902e-01
   0.0000000e+00   5.6281729e-01
   0.0000000e+00   7.5933465e-01
   0.0000000e+00   6.7368151e-01
   0.0000000e+00   7.3426754e-01
   0.0000000e+00   7.4919482e-01
   0.0000000e+00   7.1565817e-01
   0.0000000e+00   7.5160467e-01
   0.0000000e+00   7.2513362e-01
   0.0000000e+00   6.7617892e-01
   0.0000000e+00   6.9881555e-01
   0.0000000e+00   7.1613132e-01
   0.0000000e+00   7.1613212e-01
   0.0000000e+00   7.3160818e-01
   0.0000000e+00   6.8132517e-01
   0.0000000e+00   7.4726996e-01
   0.0000000e+00   7.3316691e-01
   0.0000000e+00   7.2118669e-01
   0.0000000e+00   7.3548127e-01
   0.0000000e+00   7.2846450e-01
   0.0000000e+00   7.2052460e-01
   0.0000000e+00   6.6564052e-01
   0.0000000e+00   7.3661430e-01
   0.0000000e+00   7.1891168e-01
   0.0000000e+00   6.5239811e-01
   0.0000000e+00   6.2369317e-01
   0.0000000e+00   6.7787425e-01
   0.0000000e+00   6.8496339e-01
   0.0000000e+00   6.8577633e-01
   0.0000000e+00   6.6027228e-01
   0.0000000e+00   7.1144523e-01
   0.0000000e+00   6.5118872e-01
   0.0000000e+00   6.2405190e-01
   0.0000000e+00   6.7084293e-01
   0.0000000e+00   6.7034671e-01
   0.0000000e+00   7.0624410e-01
   0.0000000e+00   7.2930053e-01
   0.0000000e+00   7.2311439e-01
   0.0000000e+00   7.7073375e-01
   0.0000000e+00   7.5672101e-01
   0.0000000e+00   6.6337549e-01
   0.0000000e+00   7.5063766e-01
   0.0000000e+00   7.4758090e-01
   0.0000000e+00   7.3204642e-01
   0.0000000e+00   7.6780697e-01
   0.0000000e+00   7.7428208e-01
   0.0000000e+00   7.4963539e-01
   0.0000000e+00   7.7729282e-01
   0.0000000e+00   6.1676174e-01
   0.0000000e+00   5.9956711e-01
   0.0000000e+00   6.3409633e-01
   0.0000000e+00   6.1799424e-01
   0.0000000e+00   6.3501443e-01
   0.0000000e+00   6.2870546e-01
   0.0000000e+00   6.2137409e-01
   0.0000000e+00   6.1989853e-01
   0.0000000e+00   6.1324575e-01
   0.0000000e+00   6.0492733e-01
   0.0000000e+00   6.2596516e-01
   0.0000000e+00   5.9813810e-01
   0.0000000e+00   6.2532037e-01
   0.0000000e+00   6.0114563e-01
   0.0000000e+00   5.9737748e-01
   0.0000000e+00   6.1513578e-01
   0.0000000e+00   5.9508833e-01
   0.0000000e+00   5.9194026e-01
   0.0000000e+00   5.9081785e-01
   0.0000000e+00   5.9829799e-01
   0.0000000e+00   5.9631266e-01
   0.0000000e+00   6.0349928e-01
   0.0000000e+00   6.0955053e-01
   0.0000000e+00   6.2332202e-01
   0.0000000e+00   6.2524354e-01
   0.0000000e+00   6.2042767e-01
   0.0000000e+00   6.2432041e-01
   0.0000000e+00   6.0715824e-01
   0.0000000e+00   6.0159677e-01
   0.0000000e+00   5.9030912e-01
   0.0000000e+00   6.1452216e-01
   0.0000000e+00   5.9885757e-01
   0.0000000e+00   6.5388860e-01
   0.0000000e+00   6.3755131e-01
   0.0000000e+00   6.5389257e-01
   0.0000000e+00   6.2916827e-01
   0.0000000e+00   6.2393896e-01
   0.0000000e+00   6.3331400e-01
   0.0000000e+00   6.4941153e-01
   0.0000000e+00   6.2802051e-01
   0.0000000e+00   6.3454575e-01
   0.0000000e+00   6.4068719e-01
   0.0000000e+00   6.1513063e-01
   0.0000000e+00   6.2127213e-01
   0.0000000e+00   6.0367429e-01
   0.0000000e+00   6.3672232e-01
   0.0000000e+00   6.1365104e-01
   0.0000000e+00   6.5577594e-01
   0.0000000e+00   6.0167604e-01
   0.0000000e+00   6.1686963e-01
   0.0000000e+00   6.4087546e-01
   0.0000000e+00   6.2946106e-01
   0.0000000e+00   6.3799711e-01
   0.0000000e+00   6.4168429e-01
   0.0000000e+00   6.3568785e-01
   0.0000000e+00   6.2794586e-01
   0.0000000e+00   6.2962569e-01
   0.0000000e+00   6.3863137e-01
   0.0000000e+00   6.5129936e-01
   0.0000000e+00   6.3365106e-01
   0.0000000e+00   6.2900738e-01
   0.0000000e+00   6.2259989e-01
   0.0000000e+00   6.2778128e-01
   0.0000000e+00   6.5544480e-01
   0.0000000e+00   6.3102456e-01
   0.0000000e+00   6.2398019e-01
   0.0000000e+00   6.1007028e-01
   0.0000000e+00   6.2321373e-01
   0.0000000e+00   6.3382019e-01
   0.0000000e+00   6.3039524e-01
   0.0000000e+00   6.1394462e-01
   0.0000000e+00   6.3942006e-01
   0.0000000e+00   6.3670891e-01
   0.0000000e+00   6.5413344e-01
   0.0000000e+00   6.4623705e-01
   0.0000000e+00   6.5006304e-01
   0.0000000e+00   6.3905874e-01
   0.0000000e+00   6.1866133e-01
   0.0000000e+00   6.2421509e-01
   0.0000000e+00   6.1608532e-01
   0.0000000e+00   6.1633005e-01
   0.0000000e+00   6.2244643e-01
   0.0000000e+00   6.1788407e-01
   0.0000000e+00   6.1606107e-01
   0.0000000e+00   6.2453279e-01
   0.0000000e+00   6.4548387e-01
   0.0000000e+00   6.0735245e-01
   0.0000000e+00   6.2816675e-01
   0.0000000e+00   6.3008029e-01
   0.0000000e+00   6.1641805e-01
   0.0000000e+00   6.2801647e-01
   0.0000000e+00   6.4064014e-01
   0.0000000e+00   6.3779079e-01
   0.0000000e+00   6.3883895e-01
   0.0000000e+00   6.2972782e-01
   0.0000000e+00   6.2652852e-01
   0.0000000e+00   6.1103573e-01
   0.0000000e+00   6.0821516e-01
   0.0000000e+00   6.0046773e-01
   0.0000000e+00   5.8917435e-01
   0.0000000e+00   5.9121465e-01
   0.0000000e+00   5.9339320e-01
   0.0000000e+00   5.8425281e-01
   0.0000000e+00   5.8949305e-01
   0.0000000e+00   5.8806897e-01
   0.0000000e+00   5.8609324e-01
   0.0000000e+00   6.1231789e-01
   0.0000000e+00   6.1227195e-01
   0.0000000e+00   6.2382083e-01
   0.0000000e+00   6.2319288e-01
   0.0000000e+00   6.1327824e-01
   0.0000000e+00   6.1410030e-01
   0.0000000e+00   6.1797675e-01
   0.0000000e+00   6.1618730e-01
   0.0000000e+00   6.9437209e-01
   0.0000000e+00   5.9095429e-01
   0.0000000e+00   6.0765103e-01
   0.0000000e+00   6.0312332e-01
   0.0000000e+00   5.9333153e-01
   0.0000000e+00   6.0263710e-01
   0.0000000e+00   5.9822719e-01
   0.0000000e+00   5.8855987e-01
   0.0000000e+00   6.0424011e-01
   0.0000000e+00   6.1001963e-01
   0.0000000e+00   5.8948469e-01
   0.0000000e+00   5.8809472e-01
   0.0000000e+00   5.9516768e-01
   0.0000000e+00   6.1351000e-01
   0.0000000e+00   7.0460485e-01
   0.0000000e+00   6.3534382e-01
   0.0000000e+00   6.2820685e-01
   0.0000000e+00   6.0660040e-01
   0.0000000e+00   6.7011334e-01
   0.0000000e+00   6.3173880e-01
   0.0000000e+00   4.1067708e-01
   0.0000000e+00   3.0600755e-01
   0.0000000e+00   5.8895323e-01
   0.0000000e+00   6.5593228e-01
   0.0000000e+00   6.6280260e-01
   0.0000000e+00   6.6953306e-01
   0.0000000e+00   6.9772279e-01
   0.0000000e+00   6.4217985e-01
   0.0000000e+00   6.8137815e-01
   0.0000000e+00   6.5924598e-01
   0.0000000e+00   5.4914613e-01
   0.0000000e+00   6.4522701e-01
   0.0000000e+00   6.5459747e-01
   0.0000000e+00   6.5902270e-01
   0.0000000e+00   6.7609807e-01
   0.0000000e+00   6.8487856e-01
   0.0000000e+00   6.6582117e-01
   0.0000000e+00   7.0249163e-01
   0.0000000e+00   6.6179471e-01
   0.0000000e+00   6.4903163e-01
   0.0000000e+00   6.3534845e-01
   0.0000000e+00   6.0473716e-01
   0.0000000e+00   5.3959139e-01
   0.0000000e+00   6.0236552e-01
   0.0000000e+00   4.4184884e-01
   0.0000000e+00   4.7768451e-01
   0.0000000e+00   5.3584517e-01
   0.0000000e+00   6.6429836e-01
   0.0000000e+00   6.9702461e-01
   0.0000000e+00   6.6458322e-01
   0.0000000e+00   6.3336515e-01
   0.0000000e+00   5.9512393e-01
   0.0000000e+00   6.3977317e-01
   0.0000000e+00   4.8048984e-01
   0.0000000e+00   6.0461910e-01
   0.0000000e+00   7.4296704e-01
   0.0000000e+00   5.2614662e-01
   0.0000000e+00   5.4777691e-01
   0.0000000e+00   7.1839967e-01
   0.0000000e+00   5.9310827e-01
   0.0000000e+00   6.0195501e-01
   0.0000000e+00   5.8726298e-01
   0.0000000e+00   5.0517173e-01
   0.0000000e+00   6.2190319e-01
   0.0000000e+00   5.9982920e-01
   0.0000000e+00   6.3572964e-01
   0.0000000e+00   5.8242393e-01
   0.0000000e+00   6.1488909e-01
   0.0000000e+00   6.2043374e-01
   0.0000000e+00   3.5825516e-01
   0.0000000e+00   5.6624982e-01
   0.0000000e+00   5.3053099e-01
   0.0000000e+00   5.5555857e-01
   0.0000000e+00   5.1083992e-01
   0.0000000e+00   5.7139707e-01
   0.0000000e+00   5.4759589e-01
   0.0000000e+00   5.6027062e-01
   0.0000000e+00   3.4155532e-01
   0.0000000e+00   6.5818678e-01
   0.0000000e+00   6.3464236e-01
   0.0000000e+00   6.7560173e-01
   0.0000000e+00   7.0016863e-01
   0.0000000e+00   6.4482152e-01
   0.0000000e+00   5.7082889e-01
   0.0000000e+00   5.4846751e-01
   0.0000000e+00   7.2531570e-01
   0.0000000e+00   5.6263252e-01
   0.0000000e+00   5.9670196e-01
   0.0000000e+00   6.2234348e-01
   0.0000000e+00   5.7351071e-01
   0.0000000e+00   5.9227635e-01
   0.0000000e+00   5.3368892e-01
   0.0000000e+00   6.5220295e-01
   0.0000000e+00   5.9532729e-01
   0.0000000e+00   5.6883332e-01
   0.0000000e+00   5.7154526e-01
   0.0000000e+00   5.4781494e-01
   0.0000000e+00   6.9023039e-01
   0.0000000e+00   7.3031742e-01
   0.0000000e+00   8.0455977e-01
   0.0000000e+00   6.5178506e-01
   0.0000000e+00   5.0848299e-01
   0.0000000e+00   5.1075871e-01
   0.0000000e+00   6.1905533e-01
   0.0000000e+00   6.1262848e-01
   0.0000000e+00   7.4863025e-01
   0.0000000e+00   6.2635444e-01
   0.0000000e+00   6.7661130e-01
   0.0000000e+00   5.4805790e-01
   0.0000000e+00   5.0074392e-01
   0.0000000e+00   5.4805432e-01
   0.0000000e+00   6.7159399e-01
   0.0000000e+00   7.9309623e-01
   0.0000000e+00   6.0986406e-01
   0.0000000e+00   5.7301573e-01
   0.0000000e+00   7.5358543e-01
   0.0000000e+00   5.3378960e-01
   0.0000000e+00   4.1248868e-01
   0.0000000e+00   5.1824833e-01
   0.0000000e+00   5.1666251e-01
   0.0000000e+00   5.0763251e-01
   0.0000000e+00   4.7612493e-01
   0.0000000e+00   6.1975790e-01
   0.0000000e+00   5.1827264e-01
   0.0000000e+00   4.2814529e-01
   0.0000000e+00   3.7631261e-01
   0.0000000e+00   5.4975306e-01
   0.0000000e+00   4.9106250e-01
   0.0000000e+00   4.7919411e-01
   0.0000000e+00   5.6728814e-01
   0.0000000e+00   4.3997480e-01
   0.0000000e+00   4.4870365e-01
   0.0000000e+00   4.1948270e-01
   0.0000000e+00   3.9497119e-01
   0.0000000e+00   4.8899291e-01
   0.0000000e+00   4.2181116e-01
   0.0000000e+00   4.5758983e-01
   0.0000000e+00   4.8011807e-01
   0.0000000e+00   6.9515437e-01
   0.0000000e+00   6.7745797e-01
   0.0000000e+00   3.9669518e-01
   0.0000000e+00   4.1895929e-01
   0.0000000e+00   2.9926563e-01
   0.0000000e+00   2.3906687e-01
   0.0000000e+00   2.7999349e-01
   0.0000000e+00   4.3158086e-01
   0.0000000e+00   4.3130959e-01
   0.0000000e+00   6.8034525e-01
   0.0000000e+00   5.4757684e-01
   0.0000000e+00   5.8536519e-01
   0.0000000e+00   2.5998849e-01
   0.0000000e+00   2.6371460e-01
   0.0000000e+00   4.4063073e-01
   0.0000000e+00   4.6986141e-01
   0.0000000e+00   4.9439569e-01
   0.0000000e+00   5.3888306e-01
   0.0000000e+00   6.4291688e-01
   0.0000000e+00   5.9784783e-01
   0.0000000e+00   2.6036536e-01
   0.0000000e+00   3.5797132e-01
   0.0000000e+00   4.9658410e-01
   0.0000000e+00   4.9164237e-01
   0.0000000e+00   4.8352883e-01
   0.0000000e+00   5.4414260e-01
   0.0000000e+00   5.5897498e-01
   0.0000000e+00   4.9872158e-01
   0.0000000e+00   2.3097721e-01
   0.0000000e+00   3.4953302e-01
   0.0000000e+00   3.8547138e-01
   0.0000000e+00   4.2405054e-01
   0.0000000e+00   4.1281275e-01
   0.0000000e+00   3.9827629e-01
   0.0000000e+00   4.9691803e-01
   0.0000000e+00   4.6855121e-01
   0.0000000e+00   2.9294977e-01
   0.0000000e+00   6.0799881e-01
   0.0000000e+00   5.9266649e-01
   0.0000000e+00   4.9577745e-01
   0.0000000e+00   5.4015623e-01
   0.0000000e+00   4.8822976e-01
   0.0000000e+00   4.8282946e-01
   0.0000000e+00   6.0929169e-01
   0.0000000e+00   2.5662703e-01
   0.0000000e+00   3.9402934e-01
   0.0000000e+00   4.3407560e-01
   0.0000000e+00   4.2488928e-01
   0.0000000e+00   4.0986976e-01
   0.0000000e+00   4.2716394e-01
   0.0000000e+00   4.4586691e-01
   0.0000000e+00   4.8393915e-01
   0.0000000e+00   2.4122384e-01
   0.0000000e+00   3.1063244e-01
   0.0000000e+00   4.8779677e-01
   0.0000000e+00   4.8299567e-01
   0.0000000e+00   5.0196659e-01
   0.0000000e+00   5.5526648e-01
   0.0000000e+00   5.0787878e-01
   0.0000000e+00   4.6640316e-01
   0.0000000e+00   3.2978592e-01
   0.0000000e+00   3.4443852e-01
   0.0000000e+00   4.0790184e-01
   0.0000000e+00   6.8454201e-01
   0.0000000e+00   5.4545005e-01
   0.0000000e+00   4.5539521e-01
   0.0000000e+00   4.4833727e-01
   0.0000000e+00   4.4942295e-01
   0.0000000e+00   5.0218186e-01
   0.0000000e+00   4.3210377e-01
   0.0000000e+00   4.4158508e-01
   0.0000000e+00   6.8103061e-01
   0.0000000e+00   4.8208120e-01
   0.0000000e+00   5.5175715e-01
   0.0000000e+00   4.2221605e-01
   0.0000000e+00   3.4439218e-01
   0.0000000e+00   4.6593646e-01
   0.0000000e+00   4.8140612e-01
   0.0000000e+00   4.7095228e-01
   0.0000000e+00   6.4554155e-01
   0.0000000e+00   4.4260241e-01
   0.0000000e+00   6.0829049e-01
   0.0000000e+00   3.5333264e-01
   0.0000000e+00   2.8150407e-01
   0.0000000e+00   3.8224369e-01
   0.0000000e+00   3.6348727e-01
   0.0000000e+00   3.3408682e-01
   0.0000000e+00   3.2604498e-01
   0.0000000e+00   4.9035415e-01
   0.0000000e+00   3.3887614e-01
   0.0000000e+00   3.1416750e-01
   0.0000000e+00   3.3043866e-01
   0.0000000e+00   4.2582459e-01
   0.0000000e+00   4.3797372e-01
   0.0000000e+00   4.1984123e-01
   0.0000000e+00   7.7013260e-01
   0.0000000e+00   8.0362804e-01
   0.0000000e+00   4.1058879e-01
   0.0000000e+00   3.7338936e-01
   0.0000000e+00   4.0757813e-01
   0.0000000e+00   3.5197388e-01
   0.0000000e+00   6.4880327e-01
   0.0000000e+00   3.9854032e-01
   0.0000000e+00   6.1505037e-01
   0.0000000e+00   5.2133912e-01
   0.0000000e+00   4.1325578e-01
   0.0000000e+00   4.2339459e-01
   0.0000000e+00   4.2503109e-01
   0.0000000e+00   4.6322059e-01
   0.0000000e+00   5.3926035e-01
   0.0000000e+00   4.2739075e-01
   0.0000000e+00   4.5438498e-01
   0.0000000e+00   4.4268132e-01
   0.0000000e+00   4.2518812e-01
   0.0000000e+00   4.3169722e-01
   0.0000000e+00   4.1913057e-01
   0.0000000e+00   4.4565791e-01
   0.0000000e+00   5.7871142e-01
   0.0000000e+00   4.6112998e-01
   0.0000000e+00   4.4985724e-01
   0.0000000e+00   4.5307861e-01
   0.0000000e+00   4.6668810e-01
   0.0000000e+00   5.6117157e-01
   0.0000000e+00   4.3409426e-01
   0.0000000e+00   3.9324052e-01
   0.0000000e+00   3.7452512e-01
   0.0000000e+00   3.5712829e-01
   0.0000000e+00   3.5055174e-01
   0.0000000e+00   3.2448603e-01
   0.0000000e+00   5.3061055e-01
   0.0000000e+00   3.5135441e-01
   0.0000000e+00   3.6751061e-01
   0.0000000e+00   5.9548062e-01
   0.0000000e+00   6.3570332e-01
   0.0000000e+00   4.3605589e-01
   0.0000000e+00   5.6210723e-01
   0.0000000e+00   6.1490764e-01
   0.0000000e+00   5.5872885e-01
   0.0000000e+00   5.5240002e-01
   0.0000000e+00   6.7052140e-01
   0.0000000e+00   6.3537646e-01
   0.0000000e+00   5.0202033e-01
   0.0000000e+00   6.4128110e-01
   0.0000000e+00   5.5575395e-01
   0.0000000e+00   5.6271903e-01
   0.0000000e+00   5.8402426e-01
   0.0000000e+00   4.3589655e-01
   0.0000000e+00   4.8250066e-01
   0.0000000e+00   5.4658463e-01
   0.0000000e+00   5.0728788e-01
   0.0000000e+00   5.5167598e-01
   0.0000000e+00   4.6729562e-01
   0.0000000e+00   4.9366011e-01
   0.0000000e+00   4.2522475e-01
   0.0000000e+00   3.9402046e-01
   0.0000000e+00   4.9422000e-01
   0.0000000e+00   5.1837398e-01
   0.0000000e+00   4.6365406e-01
   0.0000000e+00   5.3942703e-01
   0.0000000e+00   4.9794933e-01
   0.0000000e+00   4.8780802e-01
   0.0000000e+00   4.5049709e-01
   0.0000000e+00   4.0132158e-01
   0.0000000e+00   4.8209479e-01
   0.0000000e+00   6.1293236e-01
   0.0000000e+00   5.0800881e-01
   0.0000000e+00   4.6355783e-01
   0.0000000e+00   4.1616892e-01
   0.0000000e+00   4.6405354e-01
   0.0000000e+00   5.4056862e-01
   0.0000000e+00   4.4528236e-01
   0.0000000e+00   4.6490089e-01
   0.0000000e+00   4.2416508e-01
   0.0000000e+00   4.2914745e-01
   0.0000000e+00   4.5217169e-01
   0.0000000e+00   4.4815362e-01
   0.0000000e+00   4.6752003e-01
   0.0000000e+00   4.4726877e-01
   0.0000000e+00   4.1774372e-01
   0.0000000e+00   4.7663553e-01
   0.0000000e+00   5.0098938e-01
   0.0000000e+00   5.1088611e-01
   0.0000000e+00   5.1353075e-01
   0.0000000e+00   5.2919496e-01
   0.0000000e+00   5.7758451e-01
   0.0000000e+00   5.6062658e-01
   0.0000000e+00   4.1682571e-01
   0.0000000e+00   5.1178068e-01
   0.0000000e+00   5.4340720e-01
   0.0000000e+00   5.2406776e-01
   0.0000000e+00   4.1251617e-01
   0.0000000e+00   4.8370308e-01
   0.0000000e+00   5.2399153e-01
   0.0000000e+00   4.6682707e-01
   0.0000000e+00   4.4443968e-01
   0.0000000e+00   4.6689212e-01
   0.0000000e+00   3.1011830e-01
   0.0000000e+00   3.0370328e-01
   0.0000000e+00   3.4232745e-01
   0.0000000e+00   2.9743925e-01
   0.0000000e+00   2.9247952e-01
   0.0000000e+00   3.1340872e-01
   0.0000000e+00   5.4657762e-01
   0.0000000e+00   3.4786034e-01
   0.0000000e+00   3.0274424e-01
   0.0000000e+00   3.3099844e-01
   0.0000000e+00   3.1633392e-01
   0.0000000e+00   3.8303142e-01
   0.0000000e+00   3.4073867e-01
   0.0000000e+00   2.9407813e-01
   0.0000000e+00   3.1116145e-01
   0.0000000e+00   3.2758977e-01
   0.0000000e+00   3.0833087e-01
   0.0000000e+00   2.8983238e-01
   0.0000000e+00   3.0881769e-01
   0.0000000e+00   3.5017552e-01
   0.0000000e+00   3.1812006e-01
   0.0000000e+00   3.0490973e-01
   0.0000000e+00   3.1166489e-01
   0.0000000e+00   6.0158824e-01
   0.0000000e+00   3.2237303e-01
   0.0000000e+00   3.0277147e-01
   0.0000000e+00   3.0086448e-01
   0.0000000e+00   3.3335112e-01
   0.0000000e+00   2.9891920e-01
   0.0000000e+00   3.1339655e-01
   0.0000000e+00   2.6194767e-01
   0.0000000e+00   3.0296849e-01
   0.0000000e+00   2.7464801e-01
   0.0000000e+00   3.0482257e-01
   0.0000000e+00   2.8558563e-01
   0.0000000e+00   3.4813311e-01
   0.0000000e+00   3.2012721e-01
   0.0000000e+00   3.0087259e-01
   0.0000000e+00   3.0948322e-01
   0.0000000e+00   3.3445696e-01
   0.0000000e+00   3.7467314e-01
   0.0000000e+00   6.1053442e-01
   0.0000000e+00   5.0300662e-01
   0.0000000e+00   3.1134565e-01
   0.0000000e+00   3.0083101e-01
   0.0000000e+00   3.0191855e-01
   0.0000000e+00   2.9693080e-01
   0.0000000e+00   2.8117029e-01
   0.0000000e+00   2.9208557e-01
   0.0000000e+00   2.7552238e-01
   0.0000000e+00   2.6325444e-01
   0.0000000e+00   2.8008025e-01
   0.0000000e+00   2.9830048e-01
   0.0000000e+00   2.4038652e-01
   0.0000000e+00   2.5026692e-01
   0.0000000e+00   2.8981288e-01
   0.0000000e+00   2.9876526e-01
   0.0000000e+00   3.4282060e-01
   0.0000000e+00   2.6699319e-01
   0.0000000e+00   3.2727470e-01
   0.0000000e+00   3.3846135e-01
   0.0000000e+00   3.0226813e-01
   0.0000000e+00   2.9593530e-01
   0.0000000e+00   3.0623742e-01
   1.0000000e+00   3.7090006e-01
   1.0000000e+00   3.6686603e-01
   1.0000000e+00   3.8952795e-01
   1.0000000e+00   3.7730092e-01
   1.0000000e+00   3.9073330e-01
   1.0000000e+00   3.7978364e-01
   1.0000000e+00   4.5547913e-01
   1.0000000e+00   3.4882328e-01
   1.0000000e+00   3.7521976e-01
   1.0000000e+00   3.6299333e-01
   1.0000000e+00   3.7251975e-01
   1.0000000e+00   3.6676087e-01
   1.0000000e+00   3.7173398e-01
   1.0000000e+00   3.6654599e-01
   1.0000000e+00   3.6397442e-01
   1.0000000e+00   3.5905740e-01
   1.0000000e+00   3.5548281e-01
   1.0000000e+00   3.5637995e-01
   1.0000000e+00   3.6401144e-01
   1.0000000e+00   3.7198950e-01
   1.0000000e+00   3.6771943e-01
   1.0000000e+00   4.2100804e-01
   1.0000000e+00   3.6382152e-01
   1.0000000e+00   3.4697032e-01
   1.0000000e+00   3.6310302e-01
   1.0000000e+00   3.7083853e-01
   1.0000000e+00   3.6880741e-01
   1.0000000e+00   3.7046505e-01
   1.0000000e+00   3.7138360e-01
   1.0000000e+00   3.5646807e-01
   1.0000000e+00   3.7117354e-01
   1.0000000e+00   3.3313693e-01
   1.0000000e+00   3.6598648e-01
   1.0000000e+00   3.6915752e-01
   1.0000000e+00   3.8001742e-01
   1.0000000e+00   3.6964340e-01
   1.0000000e+00   3.7440705e-01
   1.0000000e+00   3.8627958e-01
   1.0000000e+00   3.8479649e-01
   1.0000000e+00   3.5003198e-01
   1.0000000e+00   3.5966159e-01
   1.0000000e+00   3.7038831e-01
   1.0000000e+00   3.6465818e-01
   1.0000000e+00   3.7440545e-01
   1.0000000e+00   3.6239058e-01
   1.0000000e+00   3.7641426e-01
   1.0000000e+00   3.6308149e-01
   1.0000000e+00   3.6452710e-01
   1.0000000e+00   3.3916174e-01
   1.0000000e+00   3.6747690e-01
   1.0000000e+00   3.7907820e-01
   1.0000000e+00   3.7644856e-01
   1.0000000e+00   3.7850379e-01
   1.0000000e+00   3.7305412e-01
   1.0000000e+00   3.7068887e-01
   1.0000000e+00   3.5559831e-01
   1.0000000e+00   3.5689616e-01
   1.0000000e+00   3.7419276e-01
   1.0000000e+00   3.8277123e-01
   1.0000000e+00   3.7752625e-01
   1.0000000e+00   3.7316542e-01
   1.0000000e+00   3.6504276e-01
   1.0000000e+00   3.6777751e-01
   1.0000000e+00   3.6217690e-01
   1.0000000e+00   4.2749532e-01
   1.0000000e+00   4.3291107e-01
   1.0000000e+00   4.1754493e-01
   1.0000000e+00   4.4714740e-01
   1.0000000e+00   4.3655300e-01
   1.0000000e+00   3.6330512e-01
   1.0000000e+00   3.3425659e-01
   1.0000000e+00   3.4352849e-01
   1.0000000e+00   4.3286613e-01
   1.0000000e+00   4.5048219e-01
   1.0000000e+00   4.4014782e-01
   1.0000000e+00   4.4066545e-01
   1.0000000e+00   4.1264166e-01
   1.0000000e+00   3.4288952e-01
   1.0000000e+00   3.3754813e-01
   1.0000000e+00   3.2978408e-01
   1.0000000e+00   4.2083093e-01
   1.0000000e+00   4.4071485e-01
   1.0000000e+00   4.2501589e-01
   1.0000000e+00   4.4298080e-01
   1.0000000e+00   4.2264625e-01
   1.0000000e+00   3.9680912e-01
   1.0000000e+00   3.4349454e-01
   1.0000000e+00   3.4300925e-01
   1.0000000e+00   4.2746604e-01
   1.0000000e+00   4.5351544e-01
   1.0000000e+00   4.2701825e-01
   1.0000000e+00   4.2047138e-01
   1.0000000e+00   4.1441773e-01
   1.0000000e+00   4.1985742e-01
   1.0000000e+00   3.6143635e-01
   1.0000000e+00   3.4579749e-01
   1.0000000e+00   4.8111067e-01
   1.0000000e+00   4.2235923e-01
   1.0000000e+00   4.1146860e-01
   1.0000000e+00   4.5348690e-01
   1.0000000e+00   4.1861043e-01
   1.0000000e+00   3.9482733e-01
   1.0000000e+00   3.5213429e-01
   1.0000000e+00   3.2327040e-01
   1.0000000e+00   4.2596609e-01
   1.0000000e+00   4.1553284e-01
   1.0000000e+00   4.3395792e-01
   1.0000000e+00   4.4898507e-01
   1.0000000e+00   4.2247900e-01
   1.0000000e+00   4.8172561e-01
   1.0000000e+00   3.4958688e-01
   1.0000000e+00   3.3331010e-01
   1.0000000e+00   3.8824441e-01
   1.0000000e+00   4.0400609e-01
   1.0000000e+00   4.4861777e-01
   1.0000000e+00   4.0726830e-01
   1.0000000e+00   3.8227204e-01
   1.0000000e+00   3.3486357e-01
   1.0000000e+00   3.1964168e-01
   1.0000000e+00   3.2341864e-01
   1.0000000e+00   4.3490680e-01
   1.0000000e+00   3.8081684e-01
   1.0000000e+00   3.7389252e-01
   1.0000000e+00   3.7828906e-01
   1.0000000e+00   3.2622596e-01
   1.0000000e+00   3.1450281e-01
   1.0000000e+00   3.1608275e-01
   1.0000000e+00   3.2756586e-01
   1.0000000e+00   4.2509206e-01
   1.0000000e+00   3.9802781e-01
   1.0000000e+00   3.8768378e-01
   1.0000000e+00   3.8869299e-01
   1.0000000e+00   3.9314652e-01
   1.0000000e+00   3.7942398e-01
   1.0000000e+00   2.9363591e-01
   1.0000000e+00   2.5349103e-01
   1.0000000e+00   3.6157808e-01
   1.0000000e+00   3.9853168e-01
   1.0000000e+00   3.9754805e-01
   1.0000000e+00   3.9473038e-01
   1.0000000e+00   4.1118810e-01
   1.0000000e+00   3.9912950e-01
   1.0000000e+00   4.0004651e-01
   1.0000000e+00   3.8814426e-01
   1.0000000e+00   3.9240209e-01
   1.0000000e+00   3.8825944e-01
   1.0000000e+00   4.0523679e-01
   1.0000000e+00   4.0670520e-01
   1.0000000e+00   3.9374969e-01
   1.0000000e+00   4.0730652e-01
   1.0000000e+00   3.9280808e-01
   1.0000000e+00   4.0775558e-01
   1.0000000e+00   4.2805951e-01
   1.0000000e+00   4.0982586e-01
   1.0000000e+00   3.8486444e-01
   1.0000000e+00   3.6885232e-01
   1.0000000e+00   3.4086210e-01
   1.0000000e+00   3.5965359e-01
   1.0000000e+00   3.0194177e-01
   1.0000000e+00   3.0936851e-01
   1.0000000e+00   3.6756679e-01
   1.0000000e+00   4.1691894e-01
   1.0000000e+00   4.1961584e-01
   1.0000000e+00   4.0061447e-01
   1.0000000e+00   4.2193466e-01
   1.0000000e+00   3.8329084e-01
   1.0000000e+00   3.9422877e-01
   1.0000000e+00   3.2251279e-01
   1.0000000e+00   3.6124120e-01
   1.0000000e+00   4.5685611e-01
   1.0000000e+00   4.4100562e-01
   1.0000000e+00   4.7679339e-01
   1.0000000e+00   4.1991251e-01
   1.0000000e+00   4.0550057e-01
   1.0000000e+00   3.9171226e-01
   1.0000000e+00   3.7946475e-01
   1.0000000e+00   3.3492599e-01
   1.0000000e+00   3.9491691e-01
   1.0000000e+00   3.8237595e-01
   1.0000000e+00   4.3786744e-01
   1.0000000e+00   3.6741519e-01
   1.0000000e+00   3.8066026e-01
   1.0000000e+00   3.7825030e-01
   1.0000000e+00   2.5660428e-01
   1.0000000e+00   3.4377317e-01
   1.0000000e+00   3.2978428e-01
   1.0000000e+00   3.4230417e-01
   1.0000000e+00   3.1354646e-01
   1.0000000e+00   3.3773087e-01
   1.0000000e+00   3.5907872e-01
   1.0000000e+00   3.1350580e-01
   1.0000000e+00   4.2490901e-01
   1.0000000e+00   4.1789853e-01
   1.0000000e+00   4.1321645e-01
   1.0000000e+00   4.0831484e-01
   1.0000000e+00   4.3421742e-01
   1.0000000e+00   3.9822602e-01
   1.0000000e+00   3.6202500e-01
   1.0000000e+00   3.9061025e-01
   1.0000000e+00   4.4563451e-01
   1.0000000e+00   3.8966814e-01
   1.0000000e+00   3.9010507e-01
   1.0000000e+00   3.9731486e-01
   1.0000000e+00   3.5844788e-01
   1.0000000e+00   4.2678218e-01
   1.0000000e+00   3.5021913e-01
   1.0000000e+00   3.9379109e-01
   1.0000000e+00   3.6662802e-01
   1.0000000e+00   3.7956090e-01
   1.0000000e+00   3.7029094e-01
   1.0000000e+00   3.5436261e-01
   1.0000000e+00   4.0723888e-01
   1.0000000e+00   4.2096875e-01
   1.0000000e+00   4.5281582e-01
   1.0000000e+00   4.0545102e-01
   1.0000000e+00   3.1993516e-01
   1.0000000e+00   3.4399547e-01
   1.0000000e+00   3.7646329e-01
   1.0000000e+00   3.6726432e-01
   1.0000000e+00   4.2343428e-01
   1.0000000e+00   3.8075907e-01
   1.0000000e+00   4.0480009e-01
   1.0000000e+00   4.3427170e-01
   1.0000000e+00   3.5488090e-01
   1.0000000e+00   3.5905122e-01
   1.0000000e+00   4.1308840e-01
   1.0000000e+00   4.5342282e-01
   1.0000000e+00   3.9045557e-01
   1.0000000e+00   3.6778374e-01
   1.0000000e+00   4.4550484e-01
   1.0000000e+00   3.5996376e-01
   1.0000000e+00   2.8265066e-01
   1.0000000e+00   3.7365025e-01
   1.0000000e+00   3.5384317e-01
   1.0000000e+00   3.6559555e-01
   1.0000000e+00   3.2489674e-01
   1.0000000e+00   3.7558052e-01
   1.0000000e+00   3.3810856e-01
   1.0000000e+00   2.9057310e-01
   1.0000000e+00   2.5624927e-01
   1.0000000e+00   3.6290503e-01
   1.0000000e+00   3.3224838e-01
   1.0000000e+00   3.1396283e-01
   1.0000000e+00   3.5732500e-01
   1.0000000e+00   3.0744902e-01
   1.0000000e+00   3.1871825e-01
   1.0000000e+00   3.3511592e-01
   1.0000000e+00   2.9480002e-01
   1.0000000e+00   3.5369689e-01
   1.0000000e+00   3.1877444e-01
   1.0000000e+00   3.4316057e-01
   1.0000000e+00   3.4265962e-01
   1.0000000e+00   4.2690486e-01
   1.0000000e+00   4.0759509e-01
   1.0000000e+00   3.0214141e-01
   1.0000000e+00   4.0714037e-01
   1.0000000e+00   2.9876307e-01
   1.0000000e+00   2.0735641e-01
   1.0000000e+00   2.4050961e-01
   1.0000000e+00   3.1442413e-01
   1.0000000e+00   2.9770825e-01
   1.0000000e+00   3.9551646e-01
   1.0000000e+00   3.3957769e-01
   1.0000000e+00   3.7750058e-01
   1.0000000e+00   2.4798459e-01
   1.0000000e+00   2.5911019e-01
   1.0000000e+00   2.9951161e-01
   1.0000000e+00   2.9980796e-01
   1.0000000e+00   3.0505933e-01
   1.0000000e+00   3.4423228e-01
   1.0000000e+00   3.6866438e-01
   1.0000000e+00   3.3902195e-01
   1.0000000e+00   2.2464107e-01
   1.0000000e+00   2.9113446e-01
   1.0000000e+00   3.0904788e-01
   1.0000000e+00   3.1524340e-01
   1.0000000e+00   3.0651391e-01
   1.0000000e+00   3.3492671e-01
   1.0000000e+00   3.6026276e-01
   1.0000000e+00   2.8670785e-01
   1.0000000e+00   1.9829836e-01
   1.0000000e+00   2.4256420e-01
   1.0000000e+00   2.6474038e-01
   1.0000000e+00   2.7036605e-01
   1.0000000e+00   3.6700520e-01
   1.0000000e+00   2.6084350e-01
   1.0000000e+00   3.4339083e-01
   1.0000000e+00   2.8603470e-01
   1.0000000e+00   2.5732202e-01
   1.0000000e+00   4.4242858e-01
   1.0000000e+00   3.5592355e-01
   1.0000000e+00   4.4144005e-01
   1.0000000e+00   3.9488817e-01
   1.0000000e+00   3.3415583e-01
   1.0000000e+00   2.8136214e-01
   1.0000000e+00   3.4114970e-01
   1.0000000e+00   2.1432106e-01
   1.0000000e+00   2.7757735e-01
   1.0000000e+00   2.8066824e-01
   1.0000000e+00   2.7492036e-01
   1.0000000e+00   2.7622703e-01
   1.0000000e+00   2.7059549e-01
   1.0000000e+00   2.7120402e-01
   1.0000000e+00   3.0288070e-01
   1.0000000e+00   2.0299051e-01
   1.0000000e+00   2.2672411e-01
   1.0000000e+00   3.0336754e-01
   1.0000000e+00   2.9067727e-01
   1.0000000e+00   3.0878956e-01
   1.0000000e+00   3.2614923e-01
   1.0000000e+00   2.9892694e-01
   1.0000000e+00   2.9977697e-01
   1.0000000e+00   2.3307863e-01
   1.0000000e+00   2.4351880e-01
   1.0000000e+00   2.6869331e-01
   1.0000000e+00   3.7594680e-01
   1.0000000e+00   3.1348563e-01
   1.0000000e+00   2.8239131e-01
   1.0000000e+00   2.7675786e-01
   1.0000000e+00   2.7226755e-01
   1.0000000e+00   3.1077456e-01
   1.0000000e+00   3.2454096e-01
   1.0000000e+00   2.5777164e-01
   1.0000000e+00   3.6240721e-01
   1.0000000e+00   3.3755101e-01
   1.0000000e+00   3.0730963e-01
   1.0000000e+00   2.5786739e-01
   1.0000000e+00   2.1435352e-01
   1.0000000e+00   3.6497946e-01
   1.0000000e+00   3.1237968e-01
   1.0000000e+00   2.7269920e-01
   1.0000000e+00   3.4370168e-01
   1.0000000e+00   2.6806920e-01
   1.0000000e+00   3.3836322e-01
   1.0000000e+00   2.2997251e-01
   1.0000000e+00   3.0926203e-01
   1.0000000e+00   3.5010636e-01
   1.0000000e+00   2.4141166e-01
   1.0000000e+00   2.7182698e-01
   1.0000000e+00   2.8934879e-01
   1.0000000e+00   3.7706480e-01
   1.0000000e+00   2.3116652e-01
   1.0000000e+00   2.2151523e-01
   1.0000000e+00   3.0417061e-01
   1.0000000e+00   2.9581098e-01
   1.0000000e+00   2.7706603e-01
   1.0000000e+00   2.5524078e-01
   1.0000000e+00   4.3287253e-01
   1.0000000e+00   4.4844240e-01
   1.0000000e+00   2.9834818e-01
   1.0000000e+00   3.8278063e-01
   1.0000000e+00   2.5385391e-01
   1.0000000e+00   2.5638977e-01
   1.0000000e+00   3.6805233e-01
   1.0000000e+00   2.7455189e-01
   1.0000000e+00   3.5210316e-01
   1.0000000e+00   3.1562090e-01
   1.0000000e+00   3.3308380e-01
   1.0000000e+00   2.7768112e-01
   1.0000000e+00   3.2690470e-01
   1.0000000e+00   3.7416216e-01
   1.0000000e+00   3.4657508e-01
   1.0000000e+00   2.9879561e-01
   1.0000000e+00   3.0952751e-01
   1.0000000e+00   3.3066956e-01
   1.0000000e+00   3.0390064e-01
   1.0000000e+00   2.9202098e-01
   1.0000000e+00   3.1315996e-01
   1.0000000e+00   2.8525510e-01
   1.0000000e+00   3.5241148e-01
   1.0000000e+00   2.8492762e-01
   1.0000000e+00   4.1918510e-01
   1.0000000e+00   4.0972420e-01
   1.0000000e+00   2.9374775e-01
   1.0000000e+00   3.1918586e-01
   1.0000000e+00   2.8698087e-01
   1.0000000e+00   3.5154003e-01
   1.0000000e+00   2.4464408e-01
   1.0000000e+00   2.3188084e-01
   1.0000000e+00   2.5743461e-01
   1.0000000e+00   2.2343177e-01
   1.0000000e+00   3.1942394e-01
   1.0000000e+00   2.1987846e-01
   1.0000000e+00   3.0166641e-01
   1.0000000e+00   5.2556673e-01
   1.0000000e+00   5.3164326e-01
   1.0000000e+00   4.7523060e-01
   1.0000000e+00   4.9828556e-01
   1.0000000e+00   5.1686043e-01
   1.0000000e+00   4.8886651e-01
   1.0000000e+00   4.7936221e-01
   1.0000000e+00   5.1263411e-01
   1.0000000e+00   4.9735782e-01
   1.0000000e+00   4.6683550e-01
   1.0000000e+00   5.0469059e-01
   1.0000000e+00   4.7615502e-01
   1.0000000e+00   4.7951578e-01
   1.0000000e+00   4.9570127e-01
   1.0000000e+00   4.4962496e-01
   1.0000000e+00   4.6491497e-01
   1.0000000e+00   3.9536650e-01
   1.0000000e+00   4.6524760e-01
   1.0000000e+00   4.7774835e-01
   1.0000000e+00   4.5566748e-01
   1.0000000e+00   4.5234313e-01
   1.0000000e+00   4.1864316e-01
   1.0000000e+00   3.8863336e-01
   1.0000000e+00   4.2065769e-01
   1.0000000e+00   4.7300610e-01
   1.0000000e+00   4.3855819e-01
   1.0000000e+00   4.7523085e-01
   1.0000000e+00   4.3355529e-01
   1.0000000e+00   4.4657262e-01
   1.0000000e+00   4.3846179e-01
   1.0000000e+00   4.1874120e-01
   1.0000000e+00   4.3445051e-01
   1.0000000e+00   5.1316119e-01
   1.0000000e+00   4.6251596e-01
   1.0000000e+00   4.5314177e-01
   1.0000000e+00   4.5932749e-01
   1.0000000e+00   4.6529342e-01
   1.0000000e+00   4.7653628e-01
   1.0000000e+00   4.5496517e-01
   1.0000000e+00   4.3850529e-01
   1.0000000e+00   4.0580419e-01
   1.0000000e+00   4.3499021e-01
   1.0000000e+00   4.4996149e-01
   1.0000000e+00   4.4313365e-01
   1.0000000e+00   4.6063673e-01
   1.0000000e+00   4.3591228e-01
   1.0000000e+00   3.8231767e-01
   1.0000000e+00   3.8479841e-01
   1.0000000e+00   4.6486096e-01
   1.0000000e+00   4.1774215e-01
   1.0000000e+00   4.7874555e-01
   1.0000000e+00   4.6653414e-01
   1.0000000e+00   4.4712994e-01
   1.0000000e+00   4.5730792e-01
   1.0000000e+00   4.2963023e-01
   1.0000000e+00   4.4764722e-01
   1.0000000e+00   4.7415191e-01
   1.0000000e+00   4.5175046e-01
   1.0000000e+00   4.2513937e-01
   1.0000000e+00   4.1877207e-01
   1.0000000e+00   4.4287631e-01
   1.0000000e+00   4.2858038e-01
   1.0000000e+00   4.1645182e-01
   1.0000000e+00   4.1408646e-01
   1.0000000e+00   4.0864579e-01
   1.0000000e+00   4.2940794e-01
   1.0000000e+00   4.1961278e-01
   1.0000000e+00   4.2543137e-01
   1.0000000e+00   4.2054313e-01
   1.0000000e+00   4.4134671e-01
   1.0000000e+00   4.7650902e-01
   1.0000000e+00   4.4803117e-01
   1.0000000e+00   4.2644223e-01
   1.0000000e+00   4.1999078e-01
   1.0000000e+00   4.3165170e-01
   1.0000000e+00   4.3571932e-01
   1.0000000e+00   4.3236228e-01
   1.0000000e+00   4.2215925e-01
   1.0000000e+00   4.2347576e-01
   1.0000000e+00   4.2430237e-01
   1.0000000e+00   4.1471737e-01
   1.0000000e+00   3.3352655e-01
   1.0000000e+00   4.2594121e-01
   1.0000000e+00   3.9404491e-01
   1.0000000e+00   4.1681500e-01
   1.0000000e+00   4.2173089e-01
   1.0000000e+00   4.0564522e-01
   1.0000000e+00   4.8771615e-01
   1.0000000e+00   4.1905873e-01
   1.0000000e+00   3.9219100e-01
   1.0000000e+00   3.9738714e-01
   1.0000000e+00   4.1117874e-01
   1.0000000e+00   4.0763669e-01
   1.0000000e+00   4.1723695e-01
   1.0000000e+00   3.8090850e-01
   1.0000000e+00   4.2046163e-01
   1.0000000e+00   4.1294256e-01
   1.0000000e+00   4.0887394e-01
   1.0000000e+00   4.1287672e-01
   1.0000000e+00   4.2505768e-01
   1.0000000e+00   4.1437303e-01
   1.0000000e+00   3.8370584e-01
   1.0000000e+00   4.1827257e-01
   1.0000000e+00   4.1548600e-01
   1.0000000e+00   3.9986739e-01
   1.0000000e+00   4.5104256e-01
   1.0000000e+00   4.3923029e-01
   1.0000000e+00   3.9687910e-01
   1.0000000e+00   3.9697604e-01
   1.0000000e+00   3.8195517e-01
   1.0000000e+00   4.0081501e-01
   1.0000000e+00   3.7393265e-01
   1.0000000e+00   3.6686832e-01
   1.0000000e+00   3.7961348e-01
   1.0000000e+00   3.7834655e-01
   1.0000000e+00   3.9650535e-01
   1.0000000e+00   4.1481211e-01
   1.0000000e+00   3.9635871e-01
   1.0000000e+00   4.1204013e-01
   1.0000000e+00   4.2436802e-01
   1.0000000e+00   3.7764914e-01
   1.0000000e+00   4.2084405e-01
   1.0000000e+00   4.0079463e-01
   1.0000000e+00   4.1618774e-01
   1.0000000e+00   4.3387055e-01
   1.0000000e+00   4.3738884e-01
   1.0000000e+00   4.2190866e-01
   1.0000000e+00   4.3726257e-01
   2.0000000e+00   2.3855968e-01
   2.0000000e+00   2.1599605e-01
   2.0000000e+00   2.3332799e-01
   2.0000000e+00   2.5001585e-01
   2.0000000e+00   2.5019168e-01
   2.0000000e+00   2.7758347e-01
   2.0000000e+00   2.8355806e-01
   2.0000000e+00   2.5810994e-01
   2.0000000e+00   2.3008786e-01
   2.0000000e+00   2.2800210e-01
   2.0000000e+00   2.4418826e-01
   2.0000000e+00   2.3939786e-01
   2.0000000e+00   2.4327944e-01
   2.0000000e+00   2.5624824e-01
   2.0000000e+00   2.6099403e-01
   2.0000000e+00   2.4787195e-01
   2.0000000e+00   2.1456113e-01
   2.0000000e+00   2.3369550e-01
   2.0000000e+00   2.4499763e-01
   2.0000000e+00   2.4407122e-01
   2.0000000e+00   2.4215691e-01
   2.0000000e+00   2.7372054e-01
   2.0000000e+00   2.5886197e-01
   2.0000000e+00   2.2861454e-01
   2.0000000e+00   2.1358349e-01
   2.0000000e+00   2.2746599e-01
   2.0000000e+00   2.3227587e-01
   2.0000000e+00   2.3573526e-01
   2.0000000e+00   2.6206855e-01
   2.0000000e+00   2.2616234e-01
   2.0000000e+00   2.5857067e-01
   2.0000000e+00   2.2464536e-01
   2.0000000e+00   2.3034188e-01
   2.0000000e+00   2.9312132e-01
   2.0000000e+00   2.6972729e-01
   2.0000000e+00   2.8928175e-01
   2.0000000e+00   2.7604028e-01
   2.0000000e+00   2.5761277e-01
   2.0000000e+00   2.4323034e-01
   2.0000000e+00   2.4649477e-01
   2.0000000e+00   2.1779823e-01
   2.0000000e+00   2.3783260e-01
   2.0000000e+00   2.3405964e-01
   2.0000000e+00   2.3870383e-01
   2.0000000e+00   2.3491924e-01
   2.0000000e+00   2.3870831e-01
   2.0000000e+00   2.3245131e-01
   2.0000000e+00   2.4459924e-01
   2.0000000e+00   2.0730494e-01
   2.0000000e+00   2.2447843e-01
   2.0000000e+00   2.4762258e-01
   2.0000000e+00   2.4443280e-01
   2.0000000e+00   2.5067075e-01
   2.0000000e+00   2.5459280e-01
   2.0000000e+00   2.4229909e-01
   2.0000000e+00   2.4073900e-01
   2.0000000e+00   2.2520354e-01
   2.0000000e+00   2.3375024e-01
   2.0000000e+00   2.4358888e-01
   2.0000000e+00   2.7029884e-01
   2.0000000e+00   2.5059547e-01
   2.0000000e+00   2.3803758e-01
   2.0000000e+00   2.3758915e-01
   2.0000000e+00   2.3381094e-01
   2.0000000e+00   2.6333091e-01
   2.0000000e+00   2.7062251e-01
   2.0000000e+00   2.4407280e-01
   2.0000000e+00   2.8451556e-01
   2.0000000e+00   2.7906909e-01
   2.0000000e+00   2.4096860e-01
   2.0000000e+00   2.1694776e-01
   2.0000000e+00   2.1160513e-01
   2.0000000e+00   2.7899544e-01
   2.0000000e+00   2.7109191e-01
   2.0000000e+00   2.5584023e-01
   2.0000000e+00   2.7697566e-01
   2.0000000e+00   2.4169325e-01
   2.0000000e+00   2.4574478e-01
   2.0000000e+00   2.1222213e-01
   2.0000000e+00   2.3203130e-01
   2.0000000e+00   2.7283437e-01
   2.0000000e+00   2.5145133e-01
   2.0000000e+00   2.5437857e-01
   2.0000000e+00   2.6969520e-01
   2.0000000e+00   2.8415606e-01
   2.0000000e+00   2.3015655e-01
   2.0000000e+00   2.1091088e-01
   2.0000000e+00   2.3664151e-01
   2.0000000e+00   2.6239171e-01
   2.0000000e+00   2.6181412e-01
   2.0000000e+00   2.4387774e-01
   2.0000000e+00   2.9921934e-01
   2.0000000e+00   3.0919030e-01
   2.0000000e+00   2.6148239e-01
   2.0000000e+00   2.6908821e-01
   2.0000000e+00   2.1933656e-01
   2.0000000e+00   2.7476823e-01
   2.0000000e+00   2.8617983e-01
   2.0000000e+00   2.4993338e-01
   2.0000000e+00   2.8853474e-01
   2.0000000e+00   2.6399371e-01
   2.0000000e+00   2.6127057e-01
   2.0000000e+00   2.3248173e-01
   2.0000000e+00   2.3815911e-01
   2.0000000e+00   2.8776787e-01
   2.0000000e+00   2.7078378e-01
   2.0000000e+00   2.6533117e-01
   2.0000000e+00   2.7251008e-01
   2.0000000e+00   2.7063528e-01
   2.0000000e+00   2.8571727e-01
   2.0000000e+00   2.3729059e-01
   2.0000000e+00   2.3790532e-01
   2.0000000e+00   2.4202518e-01
   2.0000000e+00   2.7049665e-01
   2.0000000e+00   2.7162237e-01
   2.0000000e+00   2.9877331e-01
   2.0000000e+00   2.8001870e-01
   2.0000000e+00   2.3108840e-01
   2.0000000e+00   2.3261026e-01
   2.0000000e+00   2.2168318e-01
   2.0000000e+00   2.7622052e-01
   2.0000000e+00   2.2861249e-01
   2.0000000e+00   2.2249007e-01
   2.0000000e+00   2.3259490e-01
   2.0000000e+00   2.0397897e-01
   2.0000000e+00   2.2748685e-01
   2.0000000e+00   1.9812256e-01
   2.0000000e+00   2.2776046e-01
   2.0000000e+00   3.4609390e-01
   2.0000000e+00   3.4027857e-01
   2.0000000e+00   3.1116258e-01
   2.0000000e+00   3.2692816e-01
   2.0000000e+00   3.3558977e-01
   2.0000000e+00   3.1917206e-01
   2.0000000e+00   2.9114205e-01
   2.0000000e+00   2.9080338e-01
   2.0000000e+00   3.1830444e-01
   2.0000000e+00   3.0808945e-01
   2.0000000e+00   3.3069932e-01
   2.0000000e+00   3.1970153e-01
   2.0000000e+00   3.2591427e-01
   2.0000000e+00   3.2944523e-01
   2.0000000e+00   3.0782144e-01
   2.0000000e+00   3.1278098e-01
   2.0000000e+00   2.9015344e-01
   2.0000000e+00   3.1373110e-01
   2.0000000e+00   3.1903198e-01
   2.0000000e+00   3.1469715e-01
   2.0000000e+00   3.1165766e-01
   2.0000000e+00   2.9941191e-01
   2.0000000e+00   2.8515218e-01
   2.0000000e+00   2.9694205e-01
   2.0000000e+00   3.2804206e-01
   2.0000000e+00   3.0900892e-01
   2.0000000e+00   3.1729124e-01
   2.0000000e+00   2.9571191e-01
   2.0000000e+00   2.9278293e-01
   2.0000000e+00   2.9514847e-01
   2.0000000e+00   2.6273294e-01
   2.0000000e+00   2.7401760e-01
   2.0000000e+00   3.2595304e-01
   2.0000000e+00   3.2117881e-01
   2.0000000e+00   3.1945634e-01
   2.0000000e+00   3.1547195e-01
   2.0000000e+00   3.1841160e-01
   2.0000000e+00   3.1478008e-01
   2.0000000e+00   3.0482954e-01
   2.0000000e+00   2.8153297e-01
   2.0000000e+00   2.8062810e-01
   2.0000000e+00   3.2530844e-01
   2.0000000e+00   3.1691465e-01
   2.0000000e+00   3.2655581e-01
   2.0000000e+00   3.2340315e-01
   2.0000000e+00   3.0851002e-01
   2.0000000e+00   2.8206507e-01
   2.0000000e+00   2.7960433e-01
   2.0000000e+00   2.9671053e-01
   2.0000000e+00   2.9498749e-01
   2.0000000e+00   3.1417782e-01
   2.0000000e+00   3.3121441e-01
   2.0000000e+00   3.0326431e-01
   2.0000000e+00   3.0827031e-01
   2.0000000e+00   2.9875925e-01
   2.0000000e+00   2.6853415e-01
   2.0000000e+00   3.0199420e-01
   2.0000000e+00   2.8916480e-01
   2.0000000e+00   2.7576001e-01
   2.0000000e+00   2.6972078e-01
   2.0000000e+00   2.9163390e-01
   2.0000000e+00   2.8750649e-01
   2.0000000e+00   2.6993407e-01
   2.0000000e+00   3.0478257e-01
   2.0000000e+00   2.9451632e-01
   2.0000000e+00   3.0759064e-01
   2.0000000e+00   3.0017408e-01
   2.0000000e+00   3.1358076e-01
   2.0000000e+00   2.9873471e-01
   2.0000000e+00   2.9438501e-01
   2.0000000e+00   3.1612766e-01
   2.0000000e+00   3.1644145e-01
   2.0000000e+00   2.9514532e-01
   2.0000000e+00   2.9445182e-01
   2.0000000e+00   2.9606663e-01
   2.0000000e+00   2.8795150e-01
   2.0000000e+00   3.0715667e-01
   2.0000000e+00   2.8142179e-01
   2.0000000e+00   2.9324819e-01
   2.0000000e+00   2.8544834e-01
   2.0000000e+00   2.8518429e-01
   2.0000000e+00   2.5746998e-01
   2.0000000e+00   2.8468324e-01
   2.0000000e+00   2.8869434e-01
   2.0000000e+00   2.9963582e-01
   2.0000000e+00   3.1617921e-01
   2.0000000e+00   2.9926270e-01
   2.0000000e+00   2.9802434e-01
   2.0000000e+00   2.8119430e-01
   2.0000000e+00   2.8062519e-01
   2.0000000e+00   2.7694105e-01
   2.0000000e+00   3.0275646e-01
   2.0000000e+00   2.8656901e-01
   2.0000000e+00   2.9766102e-01
   2.0000000e+00   2.9086726e-01
   2.0000000e+00   2.8324629e-01
   2.0000000e+00   2.8168064e-01
   2.0000000e+00   3.0080323e-01
   2.0000000e+00   3.1057422e-01
   2.0000000e+00   2.9753174e-01
   2.0000000e+00   2.8501824e-01
   2.0000000e+00   3.0254867e-01
   2.0000000e+00   2.8556442e-01
   2.0000000e+00   2.6182474e-01
   2.0000000e+00   2.8473201e-01
   2.0000000e+00   2.9696024e-01
   2.0000000e+00   2.9253289e-01
   2.0000000e+00   2.6575372e-01
   2.0000000e+00   2.8243249e-01
   2.0000000e+00   2.6565466e-01
   2.0000000e+00   2.5802454e-01
   2.0000000e+00   2.3707065e-01
   2.0000000e+00   2.6678291e-01
   2.0000000e+00   2.6208664e-01
   2.0000000e+00   2.5596813e-01
   2.0000000e+00   2.7611453e-01
   2.0000000e+00   2.6786689e-01
   2.0000000e+00   2.6316533e-01
   2.0000000e+00   2.7098483e-01
   2.0000000e+00   2.6800154e-01
   2.0000000e+00   2.6750767e-01
   2.0000000e+00   2.7740420e-01
   2.0000000e+00   2.6992329e-01
   2.0000000e+00   2.7860074e-01
   2.0000000e+00   3.1454760e-01
   2.0000000e+00   3.0538443e-01
   2.0000000e+00   2.6693414e-01
   2.0000000e+00   3.0809540e-01
   3.0000000e+00   2.1297675e-01
   3.0000000e+00   2.0732489e-01
   3.0000000e+00   1.9848882e-01
   3.0000000e+00   2.0956154e-01
   3.0000000e+00   2.1501281e-01
   3.0000000e+00   2.1750765e-01
   3.0000000e+00   2.0268811e-01
   3.0000000e+00   1.9642763e-01
   3.0000000e+00   2.0030196e-01
   3.0000000e+00   1.9770605e-01
   3.0000000e+00   2.1086172e-01
   3.0000000e+00   2.0412410e-01
   3.0000000e+00   2.1017724e-01
   3.0000000e+00   2.1523058e-01
   3.0000000e+00   2.0647665e-01
   3.0000000e+00   2.0338099e-01
   3.0000000e+00   1.8578243e-01
   3.0000000e+00   2.0141318e-01
   3.0000000e+00   2.0812371e-01
   3.0000000e+00   2.0308811e-01
   3.0000000e+00   2.0413687e-01
   3.0000000e+00   2.0850619e-01
   3.0000000e+00   1.9977191e-01
   3.0000000e+00   1.9556278e-01
   3.0000000e+00   2.0269142e-01
   3.0000000e+00   1.9934546e-01
   3.0000000e+00   2.0387134e-01
   3.0000000e+00   1.9724150e-01
   3.0000000e+00   2.0279892e-01
   3.0000000e+00   1.9446694e-01
   3.0000000e+00   1.8883395e-01
   3.0000000e+00   1.8191702e-01
   3.0000000e+00   2.0512616e-01
   3.0000000e+00   2.2157761e-01
   3.0000000e+00   2.1286248e-01
   3.0000000e+00   2.1811793e-01
   3.0000000e+00   2.1786842e-01
   3.0000000e+00   2.1238632e-01
   3.0000000e+00   2.0293806e-01
   3.0000000e+00   1.9338895e-01
   3.0000000e+00   1.8707212e-01
   3.0000000e+00   2.1038164e-01
   3.0000000e+00   2.0271397e-01
   3.0000000e+00   2.0854904e-01
   3.0000000e+00   2.0844015e-01
   3.0000000e+00   2.0342066e-01
   3.0000000e+00   1.8870161e-01
   3.0000000e+00   1.9323708e-01
   3.0000000e+00   1.8995236e-01
   3.0000000e+00   1.9676997e-01
   3.0000000e+00   2.0855984e-01
   3.0000000e+00   2.1532974e-01
   3.0000000e+00   2.0666449e-01
   3.0000000e+00   2.0872589e-01
   3.0000000e+00   1.9963238e-01
   3.0000000e+00   1.9068638e-01
   3.0000000e+00   1.9720673e-01
   3.0000000e+00   1.9572456e-01
   3.0000000e+00   1.9394621e-01
   3.0000000e+00   2.0135844e-01
   3.0000000e+00   2.0167799e-01
   3.0000000e+00   1.9748610e-01
   3.0000000e+00   1.9152485e-01
   3.0000000e+00   2.0170881e-01
   3.0000000e+00   2.0573409e-01
   3.0000000e+00   2.0861979e-01
   3.0000000e+00   2.0281511e-01
   3.0000000e+00   2.1970710e-01
   3.0000000e+00   2.0763184e-01
   3.0000000e+00   2.0337216e-01
   3.0000000e+00   2.0132036e-01
   3.0000000e+00   2.0101197e-01
   3.0000000e+00   2.0485164e-01
   3.0000000e+00   2.0656832e-01
   3.0000000e+00   2.0830502e-01
   3.0000000e+00   2.0537021e-01
   3.0000000e+00   2.0535625e-01
   3.0000000e+00   1.9780008e-01
   3.0000000e+00   1.9219688e-01
   3.0000000e+00   1.8755671e-01
   3.0000000e+00   1.9988818e-01
   3.0000000e+00   1.9114135e-01
   3.0000000e+00   1.9476546e-01
   3.0000000e+00   1.9808989e-01
   3.0000000e+00   2.0919641e-01
   3.0000000e+00   2.0710763e-01
   3.0000000e+00   1.9668650e-01
   3.0000000e+00   1.9311531e-01
   3.0000000e+00   1.9867931e-01
   3.0000000e+00   2.0029456e-01
   3.0000000e+00   1.9147998e-01
   3.0000000e+00   2.1450938e-01
   3.0000000e+00   2.1038255e-01
   3.0000000e+00   2.0624556e-01
   3.0000000e+00   2.0236969e-01
   3.0000000e+00   1.8893386e-01
   3.0000000e+00   2.0876552e-01
   3.0000000e+00   2.1288982e-01
   3.0000000e+00   2.1020433e-01
   3.0000000e+00   2.1568722e-01
   3.0000000e+00   2.0662902e-01
   3.0000000e+00   2.1073905e-01
   3.0000000e+00   1.9959055e-01
   3.0000000e+00   1.9249547e-01
   3.0000000e+00   2.1259173e-01
   3.0000000e+00   2.1175492e-01
   3.0000000e+00   2.0981372e-01
   3.0000000e+00   2.0032088e-01
   3.0000000e+00   2.0444727e-01
   3.0000000e+00   2.0220457e-01
   3.0000000e+00   1.8853269e-01
   3.0000000e+00   1.8050745e-01
   3.0000000e+00   1.9524530e-01
   3.0000000e+00   1.9287816e-01
   3.0000000e+00   2.0011178e-01
   3.0000000e+00   2.1314356e-01
   3.0000000e+00   2.0684898e-01
   3.0000000e+00   1.8587444e-01
   3.0000000e+00   1.8772354e-01
   3.0000000e+00   1.8886624e-01
   3.0000000e+00   1.9976505e-01
   3.0000000e+00   1.8883131e-01
   3.0000000e+00   1.8515970e-01
   3.0000000e+00   1.9261824e-01
   3.0000000e+00   2.0140482e-01
   3.0000000e+00   1.9964204e-01
   3.0000000e+00   1.7594973e-01
   3.0000000e+00   1.9945256e-01
   4.0000000e+00   1.9902253e-01
   4.0000000e+00   1.9464344e-01
   4.0000000e+00   1.8687971e-01
   4.0000000e+00   1.9831098e-01
   4.0000000e+00   1.9679781e-01
   4.0000000e+00   1.9593728e-01
   4.0000000e+00   1.8536845e-01
   4.0000000e+00   1.8081055e-01
   4.0000000e+00   1.8859902e-01
   4.0000000e+00   1.9026661e-01
   4.0000000e+00   1.9636006e-01
   4.0000000e+00   1.9138809e-01
   4.0000000e+00   1.9653332e-01
   4.0000000e+00   1.9376223e-01
   4.0000000e+00   1.8090857e-01
   4.0000000e+00   1.7825641e-01
   4.0000000e+00   1.6917931e-01
   4.0000000e+00   1.8598670e-01
   4.0000000e+00   1.8842274e-01
   4.0000000e+00   1.8129654e-01
   4.0000000e+00   1.8987086e-01
   4.0000000e+00   1.8859592e-01
   4.0000000e+00   1.8345717e-01
   4.0000000e+00   1.7747241e-01
   4.0000000e+00   1.8870827e-01
   4.0000000e+00   1.8440116e-01
   4.0000000e+00   1.8777171e-01
   4.0000000e+00   1.8760214e-01
   4.0000000e+00   1.9001241e-01
   4.0000000e+00   1.9016063e-01
   4.0000000e+00   1.7682375e-01
   4.0000000e+00   1.7374092e-01
   4.0000000e+00   1.9376558e-01
   4.0000000e+00   2.0132275e-01
   4.0000000e+00   1.9459813e-01
   4.0000000e+00   1.9973602e-01
   4.0000000e+00   1.9245975e-01
   4.0000000e+00   1.9412828e-01
   4.0000000e+00   1.9232757e-01
   4.0000000e+00   1.8274163e-01
   4.0000000e+00   1.8712308e-01
   4.0000000e+00   1.9342631e-01
   4.0000000e+00   1.9198687e-01
   4.0000000e+00   1.9002483e-01
   4.0000000e+00   1.9143218e-01
   4.0000000e+00   1.8978998e-01
   4.0000000e+00   1.7819828e-01
   4.0000000e+00   1.6819541e-01
   4.0000000e+00   1.8361133e-01
   4.0000000e+00   1.7561606e-01
   4.0000000e+00   1.8961130e-01
   4.0000000e+00   1.9892426e-01
   4.0000000e+00   1.9470004e-01
   4.0000000e+00   1.8735938e-01
   4.0000000e+00   1.7782618e-01
   4.0000000e+00   1.8161321e-01
   4.0000000e+00   1.8253103e-01
   4.0000000e+00   1.7754406e-01
   4.0000000e+00   1.7324617e-01
   4.0000000e+00   1.8416574e-01
   4.0000000e+00   1.8256003e-01
   4.0000000e+00   1.7532506e-01
   4.0000000e+00   1.6514396e-01
   4.0000000e+00   1.8185684e-01
   5.0000000e+00   1.9169715e-01
   5.0000000e+00   1.9168256e-01
   5.0000000e+00   1.8501798e-01
   5.0000000e+00   1.9213440e-01
   5.0000000e+00   1.8695949e-01
   5.0000000e+00   1.8904026e-01
   5.0000000e+00   1.8374272e-01
   5.0000000e+00   1.7561078e-01
   5.0000000e+00   1.8280223e-01
   5.0000000e+00   1.8560600e-01
   5.0000000e+00   1.8865323e-01
   5.0000000e+00   1.8490322e-01
   5.0000000e+00   1.8857738e-01
   5.0000000e+00   1.8724775e-01
   5.0000000e+00   1.7324951e-01
   5.0000000e+00   1.6498145e-01
   5.0000000e+00   1.7003786e-01
   5.0000000e+00   1.7474310e-01
   5.0000000e+00   1.8278196e-01
   5.0000000e+00   1.8276396e-01
   5.0000000e+00   1.8686877e-01
   5.0000000e+00   1.8241471e-01
   5.0000000e+00   1.7498459e-01
   5.0000000e+00   1.7413112e-01
   5.0000000e+00   1.7981276e-01
   5.0000000e+00   1.7515364e-01
   5.0000000e+00   1.7534879e-01
   5.0000000e+00   1.7896638e-01
   5.0000000e+00   1.7826870e-01
   5.0000000e+00   1.7577162e-01
   5.0000000e+00   1.6361799e-01
   5.0000000e+00   1.7150525e-01
   6.0000000e+00   1.7808173e-01
   6.0000000e+00   1.7971235e-01
   6.0000000e+00   1.8099988e-01
   6.0000000e+00   1.8381498e-01
   6.0000000e+00   1.8401624e-01
   6.0000000e+00   1.8302558e-01
   6.0000000e+00   1.7642111e-01
   6.0000000e+00   1.7199076e-01
   6.0000000e+00   1.7883120e-01
   6.0000000e+00   1.7745946e-01
   6.0000000e+00   1.7970472e-01
   6.0000000e+00   1.7879010e-01
   6.0000000e+00   1.8021926e-01
   6.0000000e+00   1.7879246e-01
   6.0000000e+00   1.6475935e-01
   6.0000000e+00   1.6481897e-01
   7.0000000e+00   1.7722907e-01
   7.0000000e+00   1.7706217e-01
   7.0000000e+00   1.7912726e-01
   7.0000000e+00   1.7963152e-01
   7.0000000e+00   1.8061187e-01
   7.0000000e+00   1.7975980e-01
   7.0000000e+00   1.6915434e-01
   7.0000000e+00   1.6694718e-01
   8.0000000e+00   1.7810844e-01
   8.0000000e+00   1.7743412e-01
   8.0000000e+00   1.7291220e-01
   8.0000000e+00   1.7143618e-01
   9.0000000e+00   1.7494751e-01
   9.0000000e+00   1.7381386e-01
   1.0000000e+01   1.7420950e-01
